1
FunctionSetBegin
Real vs. length (0)
0
3
2
0
0
5
FunctionBegin
0
3
-9223090561877403904
16724685
76
15 4.7987388922e-005 0
15.1 5.24803992875e-005 0
15.2 5.46228817932e-005 0
15.3 5.31482082675e-005 0
15.4 4.64186793889e-005 0
15.5 3.64014363087e-005 0
15.6 2.68477865367e-005 0
15.7 1.93435629616e-005 0
15.8 1.48208552171e-005 0
15.9 1.38320293696e-005 0
16 1.61571961272e-005 0
16.1 2.17498013294e-005 0
16.2 2.99358833705e-005 0
16.3 3.92857368948e-005 0
16.4 4.75761997262e-005 0
16.5 5.51020480857e-005 0
16.6 6.36348362397e-005 0
16.7 7.16409268498e-005 0
16.8 7.83335841478e-005 0
16.9 8.33736468992e-005 0
17 8.38120791443e-005 0
17.1 7.65817281268e-005 0
17.2 6.54757626196e-005 0
17.3 5.3688267652e-005 0
17.4 4.33939096658e-005 0
17.5 3.57345677579e-005 0
17.6 3.08346373718e-005 0
17.7 2.90036052498e-005 0
17.8 3.1145429091e-005 0
17.9 3.70258109297e-005 0
18 4.59969086973e-005 0
18.1 5.73772964362e-005 0
18.2 7.02452748634e-005 0
18.3 8.33870514021e-005 0
18.4 9.51738327028e-005 0
18.5 0.000105947361382 0
18.6 0.000114638288968 0
18.7 0.000120858714072 0
18.8 0.000124488936086 0
18.9 0.000125225294727 0
19 0.000123530196944 0
19.1 0.000119056165873 0
19.2 0.000113743880908 0
19.3 0.000106865434582 0
19.4 9.9354133475e-005 0
19.5 9.19375985285e-005 0
19.6 8.44253010365e-005 0
19.7 7.83221610223e-005 0
19.8 7.37315932746e-005 0
19.9 7.10044997822e-005 0
20 7.03073036719e-005 0
20.1 7.22295795343e-005 0
20.2 7.60486585569e-005 0
20.3 8.20245005626e-005 0
20.4 8.91050919643e-005 0
20.5 9.80599187451e-005 0
20.6 0.000105331281715 0
20.7 0.000114342299153 0
20.8 0.000123445418758 0
20.9 0.00013219541068 0
21 0.000140157675368 0
21.1 0.000148747111148 0
21.2 0.000156669817953 0
21.3 0.000162745543875 0
21.4 0.000167329721298 0
21.5 0.000170018574824 0
21.6 0.000170818956396 0
21.7 0.000166301714781 0
21.8 0.000167561671086 0
21.9 0.000164290652078 0
22 0.000160149564381 0
22.1 0.000154370249999 0
22.2 0.000149016872955 0
22.3 0.000144387147356 0
22.4 0.000139331653357 0
22.5 0.000134828205762 0
2
0
FunctionEnd
FunctionBegin
0
3
-9223372036854114560
16740095
76
15 3.38457832176e-005 0
15.1 3.71806373941e-005 0
15.2 3.88552135961e-005 0
15.3 3.81050395744e-005 0
15.4 3.35223107068e-005 0
15.5 2.64931824347e-005 0
15.6 1.97428564389e-005 0
15.7 1.44498447629e-005 0
15.8 1.12286829191e-005 0
15.9 1.06704095126e-005 0
16 1.26741647188e-005 0
16.1 1.73147578711e-005 0
16.2 2.41843664179e-005 0
16.3 3.22293429351e-005 0
16.4 3.95118602964e-005 0
16.5 4.6408057536e-005 0
16.6 5.46460146962e-005 0
16.7 6.26559880164e-005 0
16.8 6.97133701715e-005 0
16.9 7.56296548831e-005 0
17 7.74343338631e-005 0
17.1 7.2059293579e-005 0
17.2 6.27509042974e-005 0
17.3 5.24037030407e-005 0
17.4 4.30427262393e-005 0
17.5 3.60045929855e-005 0
17.6 3.15618966453e-005 0
17.7 3.02126451148e-005 0
17.8 3.29962927071e-005 0
17.9 3.98086497103e-005 0
18 5.01914870357e-005 0
18.1 6.37479846788e-005 0
18.2 7.95368615771e-005 0
18.3 9.55237799164e-005 0
18.4 0.00011143705798 0
18.5 0.000126046816055 0
18.6 0.00013853523918 0
18.7 0.000148250371752 0
18.8 0.000154823114048 0
18.9 0.000157955062972 0
19 0.000157236072856 0
19.1 0.000153143372036 0
19.2 0.000149411980599 0
19.3 0.000142722392261 0
19.4 0.000134575264531 0
19.5 0.000126087167255 0
19.6 0.000117739029044 0
19.7 0.000110756040877 0
19.8 0.000105840784566 0
19.9 0.000103368099386 0
20 0.000103729944679 0
20.1 0.000107645907349 0
20.2 0.000114618240604 0
20.3 0.00012467186219 0
20.4 0.000137839867242 0
20.5 0.000152676458354 0
20.6 0.000167363055 0
20.7 0.000184987662662 0
20.8 0.000203277423325 0
20.9 0.00022055930276 0
21 0.000237023585583 0
21.1 0.000254807179032 0
21.2 0.000271612525444 0
21.3 0.000285894465338 0
21.4 0.000297741921456 0
21.5 0.000306493207297 0
21.6 0.000312251949047 0
21.7 0.000320270425144 0
21.8 0.000313504840112 0
21.9 0.000309118343929 0
22 0.000301826376978 0
22.1 0.000293681067486 0
22.2 0.000288184745895 0
22.3 0.000279122675919 0
22.4 0.000272281531144 0
22.5 0.00026630264552 0
2
0
FunctionEnd
FunctionBegin
0
3
9223090561878726400
6606285
76
15 8.16093750804e-005 0
15.1 8.62537432194e-005 0
15.2 8.65496049867e-005 0
15.3 8.14811150759e-005 0
15.4 6.91347843678e-005 0
15.5 5.28467308179e-005 0
15.6 3.79434092656e-005 0
15.7 2.64628959363e-005 0
15.8 1.96837977695e-005 0
15.9 1.78695442687e-005 0
16 2.02852031336e-005 0
16.1 2.64929385121e-005 0
16.2 3.54533686458e-005 0
16.3 4.527866302e-005 0
16.4 5.32225223351e-005 0
16.5 5.9914630335e-005 0
16.6 6.77451666585e-005 0
16.7 7.4581377798e-005 0
16.8 7.97285949725e-005 0
16.9 8.29089382191e-005 0
17 8.14382561092e-005 0
17.1 7.2746113395e-005 0
17.2 6.09356763453e-005 0
17.3 4.89504506969e-005 0
17.4 3.88144984108e-005 0
17.5 3.134340339e-005 0
17.6 2.65320883229e-005 0
17.7 2.45403741685e-005 0
17.8 2.59087202712e-005 0
17.9 3.01984404266e-005 0
18 3.68813913229e-005 0
18.1 4.52937294608e-005 0
18.2 5.44718453622e-005 0
18.3 6.36304448623e-005 0
18.4 7.29809414589e-005 0
18.5 8.05276738603e-005 0
18.6 8.6366595944e-005 0
18.7 9.02468549016e-005 0
18.8 9.21496486687e-005 0
18.9 9.19875304595e-005 0
19 8.94994561762e-005 0
19.1 8.53077745919e-005 0
19.2 8.20928380636e-005 0
19.3 7.72303207056e-005 0
19.4 7.18189612716e-005 0
19.5 6.64257695788e-005 0
19.6 6.12874967614e-005 0
19.7 5.69593850215e-005 0
19.8 5.38293804985e-005 0
19.9 5.20438691503e-005 0
20 5.1752435532e-005 0
20.1 5.32626040553e-005 0
20.2 5.62791330232e-005 0
20.3 6.07471647547e-005 0
20.4 6.67167245841e-005 0
20.5 7.31853950405e-005 0
20.6 8.04548369451e-005 0
20.7 8.87274394757e-005 0
20.8 9.73256223285e-005 0
20.9 0.000105465808907 0
21 0.000113539060063 0
21.1 0.00012212943185 0
21.2 0.000130747854998 0
21.3 0.000138128247824 0
21.4 0.000144329063969 0
21.5 0.000149124466044 0
21.6 0.000152545836854 0
21.7 0.000155924864707 0
21.8 0.000154908103507 0
21.9 0.00015390993245 0
22 0.00015176816322 0
22.1 0.000149155017096 0
22.2 0.000146930661294 0
22.3 0.000143768807527 0
22.4 0.000141302878095 0
22.5 0.000139353452988 0
2
0
FunctionEnd
FunctionBegin
0
3
9222809086902015744
9856622
76
15 6.55068199871e-005 0
15.1 7.27068408104e-005 0
15.2 7.69059681027e-005 0
15.3 7.62586689817e-005 0
15.4 6.81714718147e-005 0
15.5 5.48116497418e-005 0
15.6 4.13399373763e-005 0
15.7 3.0157355629e-005 0
15.8 2.34875062377e-005 0
15.9 2.22520545176e-005 0
16 2.63720618688e-005 0
16.1 3.60708417226e-005 0
16.2 5.04031078025e-005 0
16.3 6.70480849134e-005 0
16.4 8.22017337517e-005 0
16.5 9.64915657729e-005 0
16.6 0.000113571489744 0
16.7 0.000129919316447 0
16.8 0.00014420867588 0
16.9 0.000155328796301 0
17 0.000158053679572 0
17.1 0.000146164921316 0
17.2 0.000126719742383 0
17.3 0.000105260924342 0
17.4 8.64110503165e-005 0
17.5 7.20543660352e-005 0
17.6 6.29311840367e-005 0
17.7 5.99857761891e-005 0
17.8 6.52130015485e-005 0
17.9 7.82192808406e-005 0
18 9.81530043922e-005 0
18.1 0.000123823721093 0
18.2 0.000152958988132 0
18.3 0.00018304479187 0
18.4 0.000214174641213 0
18.5 0.00024142516769 0
18.6 0.000264360630472 0
18.7 0.000281780431016 0
18.8 0.000292945651413 0
18.9 0.000297691064206 0
19 0.000295187175143 0
19.1 0.000286532113017 0
19.2 0.000278044758063 0
19.3 0.000264342216406 0
19.4 0.000248246632542 0
19.5 0.000231866708541 0
19.6 0.000215472250836 0
19.7 0.000201919029684 0
19.8 0.000192107122303 0
19.9 0.000186843750294 0
20 0.00018676939343 0
20.1 0.000193436970915 0
20.2 0.000205410263827 0
20.3 0.000222539925374 0
20.4 0.00024376250767 0
20.5 0.000268360880426 0
20.6 0.000293768093385 0
20.7 0.000321841967947 0
20.8 0.000350593853793 0
20.9 0.000378837024321 0
21 0.000405608493626 0
21.1 0.000434212360691 0
21.2 0.000461339295684 0
21.3 0.00048365248644 0
21.4 0.000501502625322 0
21.5 0.000513795499568 0
21.6 0.000520461142923 0
21.7 0.000507956840018 0
21.8 0.000519397222605 0
21.9 0.00051425575929 0
22 0.000504741505094 0
22.1 0.000494016459431 0
22.2 0.000477288809941 0
22.3 0.000466479927334 0
22.4 0.000452562675271 0
22.5 0.000440691430796 0
2
0
FunctionEnd
FunctionBegin
0
3
9222527611925305088
7865805
76
15 0.000122302708367 0
15.1 0.000130842900817 0
15.2 0.000133542694148 0
15.3 0.000127702821998 0
15.4 0.000109797560047 0
15.5 8.50571611352e-005 0
15.6 6.1941075162e-005 0
15.7 4.38652618327e-005 0
15.8 3.30461544365e-005 0
15.9 3.04273372654e-005 0
16 3.49702001624e-005 0
16.1 4.64741059804e-005 0
16.2 6.30934781344e-005 0
16.3 8.17754595814e-005 0
16.4 9.7384199662e-005 0
16.5 0.000111074741694 0
16.6 0.00012677361648 0
16.7 0.000141135157353 0
16.8 0.000152527892882 0
16.9 0.000160976839346 0
17 0.000160253743601 0
17.1 0.000145032686244 0
17.2 0.000122670285978 0
17.3 9.96301986401e-005 0
17.4 7.94954117964e-005 0
17.5 6.47088950776e-005 0
17.6 5.51987614205e-005 0
17.7 5.14039800812e-005 0
17.8 5.4610616854e-005 0
17.9 6.43469876793e-005 0
18 7.92159525542e-005 0
18.1 9.80506083154e-005 0
18.2 0.000119082962469 0
18.3 0.000140167426009 0
18.4 0.000158875295875 0
18.5 0.000175301775985 0
18.6 0.000188058788294 0
18.7 0.000196574036478 0
18.8 0.000200724478158 0
18.9 0.000200356965565 0
19 0.000196471031756 0
19.1 0.00018826960165 0
19.2 0.00017787643546 0
19.3 0.000165733042326 0
19.4 0.000152553158488 0
19.5 0.000139317706002 0
19.6 0.000126924828525 0
19.7 0.000116638542598 0
19.8 0.000109023412041 0
19.9 0.000104218045871 0
20 0.000102420506981 0
20.1 0.000104521550087 0
20.2 0.000109084948225 0
20.3 0.000115881444806 0
20.4 0.00012360439882 0
20.5 0.0001312047082 0
20.6 0.000145042197802 0
20.7 0.000156188348499 0
20.8 0.000167352915771 0
20.9 0.000178877497302 0
21 0.000189244167817 0
21.1 0.000200145702296 0
21.2 0.000209216457836 0
21.3 0.000216748507831 0
21.4 0.00022200865253 0
21.5 0.000224727454315 0
21.6 0.000225069151306 0
21.7 0.000223032172933 0
21.8 0.000219205944953 0
21.9 0.00021336106212 0
22 0.00020642225056 0
22.1 0.000197975143359 0
22.2 0.00019016019937 0
22.3 0.000182117676612 0
22.4 0.000174786696934 0
22.5 0.000168295120947 0
2
0
FunctionEnd
FunctionSetEnd
