Scan: XES 392.4 eV #0
Date: 2012 08 17 21:02:16
Sample: [no sample]
Facility: CLS REIXS Beamline

xesSpectrum.X	xesSpectrum	
==========
358.292	0	
358.352	0	
358.412	0	
358.472	0	
358.532	0	
358.592	0	
358.652	0	
358.712	0	
358.772	0	
358.832	0	
358.892	0	
358.952	0	
359.012	0	
359.072	0	
359.132	0	
359.193	0	
359.253	0	
359.313	0	
359.373	0	
359.434	0	
359.494	1	
359.554	0	
359.615	0	
359.675	0	
359.735	0	
359.796	0	
359.856	0	
359.917	0	
359.977	1	
360.038	25	
360.098	123	
360.159	292	
360.219	299	
360.28	341	
360.341	315	
360.401	321	
360.462	320	
360.523	325	
360.584	323	
360.644	334	
360.705	296	
360.766	346	
360.827	318	
360.888	339	
360.949	334	
361.009	326	
361.07	338	
361.131	361	
361.192	372	
361.253	375	
361.314	382	
361.375	380	
361.437	380	
361.498	302	
361.559	361	
361.62	338	
361.681	345	
361.742	337	
361.804	342	
361.865	357	
361.926	346	
361.987	367	
362.049	379	
362.11	368	
362.171	378	
362.233	386	
362.294	354	
362.356	359	
362.417	372	
362.479	406	
362.54	367	
362.602	366	
362.663	353	
362.725	372	
362.787	404	
362.848	359	
362.91	355	
362.972	377	
363.033	367	
363.095	370	
363.157	343	
363.219	369	
363.281	352	
363.343	361	
363.404	349	
363.466	387	
363.528	347	
363.59	324	
363.652	340	
363.714	340	
363.776	378	
363.838	365	
363.9	338	
363.962	353	
364.025	362	
364.087	376	
364.149	338	
364.211	337	
364.273	361	
364.336	354	
364.398	321	
364.46	337	
364.523	368	
364.585	342	
364.647	351	
364.71	341	
364.772	384	
364.835	362	
364.897	356	
364.96	350	
365.022	328	
365.085	372	
365.147	367	
365.21	360	
365.273	350	
365.335	345	
365.398	376	
365.461	368	
365.523	366	
365.586	354	
365.649	364	
365.712	356	
365.775	351	
365.838	370	
365.9	325	
365.963	325	
366.026	357	
366.089	352	
366.152	355	
366.215	396	
366.278	359	
366.341	369	
366.405	371	
366.468	360	
366.531	370	
366.594	333	
366.657	383	
366.72	350	
366.784	394	
366.847	335	
366.91	410	
366.974	349	
367.037	325	
367.1	337	
367.164	376	
367.227	328	
367.291	361	
367.354	340	
367.418	356	
367.481	331	
367.545	381	
367.609	319	
367.672	351	
367.736	374	
367.799	366	
367.863	361	
367.927	384	
367.991	330	
368.054	353	
368.118	337	
368.182	330	
368.246	372	
368.31	336	
368.374	364	
368.438	340	
368.502	377	
368.566	364	
368.63	371	
368.694	333	
368.758	368	
368.822	345	
368.886	305	
368.95	342	
369.014	347	
369.079	334	
369.143	391	
369.207	349	
369.271	371	
369.336	363	
369.4	395	
369.464	322	
369.529	356	
369.593	381	
369.658	351	
369.722	360	
369.787	322	
369.851	356	
369.916	374	
369.98	415	
370.045	390	
370.109	374	
370.174	332	
370.239	375	
370.303	365	
370.368	367	
370.433	353	
370.498	358	
370.563	375	
370.627	383	
370.692	338	
370.757	375	
370.822	371	
370.887	370	
370.952	373	
371.017	353	
371.082	393	
371.147	392	
371.212	372	
371.277	379	
371.342	408	
371.408	383	
371.473	356	
371.538	402	
371.603	418	
371.669	380	
371.734	395	
371.799	383	
371.865	397	
371.93	401	
371.995	377	
372.061	439	
372.126	406	
372.192	378	
372.257	427	
372.323	412	
372.388	393	
372.454	394	
372.52	420	
372.585	416	
372.651	401	
372.717	393	
372.782	453	
372.848	423	
372.914	416	
372.98	402	
373.046	403	
373.112	386	
373.177	425	
373.243	432	
373.309	432	
373.375	404	
373.441	359	
373.507	431	
373.573	423	
373.64	409	
373.706	449	
373.772	426	
373.838	407	
373.904	435	
373.97	446	
374.037	411	
374.103	422	
374.169	428	
374.236	416	
374.302	432	
374.369	417	
374.435	440	
374.501	463	
374.568	503	
374.634	435	
374.701	470	
374.768	473	
374.834	462	
374.901	481	
374.967	449	
375.034	483	
375.101	486	
375.168	438	
375.234	445	
375.301	463	
375.368	478	
375.435	477	
375.502	487	
375.569	489	
375.635	488	
375.702	447	
375.769	469	
375.836	499	
375.904	485	
375.971	467	
376.038	478	
376.105	525	
376.172	483	
376.239	518	
376.306	511	
376.374	502	
376.441	475	
376.508	461	
376.576	477	
376.643	496	
376.71	458	
376.778	497	
376.845	510	
376.913	521	
376.98	523	
377.048	503	
377.115	488	
377.183	552	
377.25	555	
377.318	537	
377.386	517	
377.453	515	
377.521	538	
377.589	564	
377.657	540	
377.725	544	
377.792	483	
377.86	553	
377.928	507	
377.996	474	
378.064	560	
378.132	534	
378.2	511	
378.268	528	
378.336	531	
378.404	541	
378.472	498	
378.541	505	
378.609	532	
378.677	551	
378.745	499	
378.814	537	
378.882	544	
378.95	585	
379.019	529	
379.087	558	
379.155	596	
379.224	558	
379.292	582	
379.361	564	
379.429	540	
379.498	599	
379.567	527	
379.635	596	
379.704	541	
379.773	546	
379.841	562	
379.91	569	
379.979	560	
380.048	593	
380.116	578	
380.185	612	
380.254	549	
380.323	534	
380.392	538	
380.461	583	
380.53	640	
380.599	570	
380.668	527	
380.737	600	
380.806	562	
380.876	561	
380.945	573	
381.014	629	
381.083	597	
381.152	568	
381.222	594	
381.291	575	
381.36	609	
381.43	621	
381.499	593	
381.569	630	
381.638	633	
381.708	609	
381.777	628	
381.847	646	
381.916	605	
381.986	605	
382.056	622	
382.125	679	
382.195	586	
382.265	623	
382.335	693	
382.404	612	
382.474	678	
382.544	650	
382.614	709	
382.684	738	
382.754	680	
382.824	742	
382.894	660	
382.964	664	
383.034	723	
383.104	695	
383.174	779	
383.245	727	
383.315	726	
383.385	780	
383.455	748	
383.526	767	
383.596	782	
383.666	786	
383.737	837	
383.807	832	
383.877	885	
383.948	853	
384.018	840	
384.089	839	
384.16	920	
384.23	913	
384.301	932	
384.371	956	
384.442	970	
384.513	964	
384.584	1023	
384.654	995	
384.725	1087	
384.796	1151	
384.867	1089	
384.938	1180	
385.009	1169	
385.08	1251	
385.151	1336	
385.222	1349	
385.293	1403	
385.364	1510	
385.435	1584	
385.506	1637	
385.577	1672	
385.649	1769	
385.72	1843	
385.791	2008	
385.862	2088	
385.934	2221	
386.005	2318	
386.076	2463	
386.148	2549	
386.219	2823	
386.291	2867	
386.362	3031	
386.434	3152	
386.505	3269	
386.577	3396	
386.649	3577	
386.72	3788	
386.792	3842	
386.864	3930	
386.936	4133	
387.007	4293	
387.079	4390	
387.151	4503	
387.223	4662	
387.295	4691	
387.367	4723	
387.439	4832	
387.511	4804	
387.583	4713	
387.655	4956	
387.727	4821	
387.799	4754	
387.871	4856	
387.944	4877	
388.016	4968	
388.088	4776	
388.161	4861	
388.233	4773	
388.305	4821	
388.378	4828	
388.45	4916	
388.522	4862	
388.595	4923	
388.668	4963	
388.74	4925	
388.813	5062	
388.885	5035	
388.958	5108	
389.031	5121	
389.103	5241	
389.176	5144	
389.249	5352	
389.322	5307	
389.394	5535	
389.467	5550	
389.54	5325	
389.613	5500	
389.686	5605	
389.759	5518	
389.832	5779	
389.905	5877	
389.978	5926	
390.052	6006	
390.125	6142	
390.198	6222	
390.271	6160	
390.344	6385	
390.418	6526	
390.491	6419	
390.564	6486	
390.638	6832	
390.711	6932	
390.785	7086	
390.858	7216	
390.932	7419	
391.005	7583	
391.079	7824	
391.152	8021	
391.226	8153	
391.3	8407	
391.373	8738	
391.447	8944	
391.521	9216	
391.595	9237	
391.669	9360	
391.742	9560	
391.816	9440	
391.89	9833	
391.964	10050	
392.038	9797	
392.112	9913	
392.186	9780	
392.26	9885	
392.335	9903	
392.409	9760	
392.483	9903	
392.557	9617	
392.631	9658	
392.706	9770	
392.78	9570	
392.854	9609	
392.929	9579	
393.003	9528	
393.078	9503	
393.152	9513	
393.227	9457	
393.301	9412	
393.376	9779	
393.45	9628	
393.525	9463	
393.6	9942	
393.675	9797	
393.749	10029	
393.824	9866	
393.899	10435	
393.974	10308	
394.049	10820	
394.124	10819	
394.199	11157	
394.274	11121	
394.349	11151	
394.424	10695	
394.499	10685	
394.574	10442	
394.649	9924	
394.724	9769	
394.799	9365	
394.875	8922	
394.95	8649	
395.025	8355	
395.101	8443	
395.176	8316	
395.251	7977	
395.327	8195	
395.402	7975	
395.478	8269	
395.554	8514	
395.629	8824	
395.705	9170	
395.78	9585	
395.856	10132	
395.932	10464	
396.008	11141	
396.083	11780	
396.159	11763	
396.235	12434	
396.311	12214	
396.387	11767	
396.463	11293	
396.539	10491	
396.615	9572	
396.691	9105	
396.767	7922	
396.843	7360	
396.919	6645	
396.996	6212	
397.072	5577	
397.148	5142	
397.224	4806	
397.301	4378	
397.377	4097	
397.454	3794	
397.53	3482	
397.606	3183	
397.683	3077	
397.76	2941	
397.836	2744	
397.913	2585	
397.989	2584	
398.066	2424	
398.143	2369	
398.22	2266	
398.296	2269	
398.373	2203	
398.45	2055	
398.527	2013	
398.604	1996	
398.681	1987	
398.758	2050	
398.835	1956	
398.912	1936	
398.989	1908	
399.066	1948	
399.143	1879	
399.22	1829	
399.298	1888	
399.375	1745	
399.452	1748	
399.53	1775	
399.607	1643	
399.684	1665	
399.762	1734	
399.839	1606	
399.917	1600	
399.994	1637	
400.072	1632	
400.15	1558	
400.227	1582	
400.305	1602	
400.383	1633	
400.46	1591	
400.538	1517	
400.616	1633	
400.694	1569	
400.772	1508	
400.85	1558	
400.928	1576	
401.006	1518	
401.084	1422	
401.162	1454	
401.24	1436	
401.318	1443	
401.396	1528	
401.475	1426	
401.553	1415	
401.631	1417	
401.709	1377	
401.788	1443	
401.866	1472	
401.945	1426	
402.023	1448	
402.102	1336	
402.18	1411	
402.259	1373	
402.337	1375	
402.416	1420	
402.495	1362	
402.573	1351	
402.652	1376	
402.731	1285	
402.81	1418	
402.889	1347	
402.967	1328	
403.046	1317	
403.125	1310	
403.204	1335	
403.283	1302	
403.362	1309	
403.442	1317	
403.521	1284	
403.6	1286	
403.679	1292	
403.758	1279	
403.838	1261	
403.917	1252	
403.996	1265	
404.076	1303	
404.155	1279	
404.235	1230	
404.314	1223	
404.394	1226	
404.473	1237	
404.553	1222	
404.633	1272	
404.712	1219	
404.792	1242	
404.872	1200	
404.952	1150	
405.031	1163	
405.111	1200	
405.191	1194	
405.271	1235	
405.351	1237	
405.431	1177	
405.511	1197	
405.591	1158	
405.671	1213	
405.752	1121	
405.832	1132	
405.912	1133	
405.992	1164	
406.073	1121	
406.153	1170	
406.233	1143	
406.314	1183	
406.394	1230	
406.475	1154	
406.555	1175	
406.636	1134	
406.716	1165	
406.797	1110	
406.878	1181	
406.958	1116	
407.039	1101	
407.12	1176	
407.201	1064	
407.282	1125	
407.363	1161	
407.444	1123	
407.525	1161	
407.606	1173	
407.687	1135	
407.768	1135	
407.849	1123	
407.93	1151	
408.011	1105	
408.092	1164	
408.174	1109	
408.255	1083	
408.336	1087	
408.418	1073	
408.499	1092	
408.581	1140	
408.662	1145	
408.744	1052	
408.825	1077	
408.907	1099	
408.989	1116	
409.07	1105	
409.152	1080	
409.234	1079	
409.316	1046	
409.397	1076	
409.479	1103	
409.561	1096	
409.643	1035	
409.725	1074	
409.807	1090	
409.889	1129	
409.971	1092	
410.054	1032	
410.136	1106	
410.218	1103	
410.3	1039	
410.382	1092	
410.465	1027	
410.547	1096	
410.63	1080	
410.712	1049	
410.795	1042	
410.877	1022	
410.96	1033	
411.042	998	
411.125	1003	
411.208	1096	
411.29	1056	
411.373	1057	
411.456	986	
411.539	1017	
411.622	1005	
411.704	973	
411.787	970	
411.87	972	
411.953	956	
412.036	953	
412.12	968	
412.203	947	
412.286	944	
412.369	972	
412.452	953	
412.536	987	
412.619	989	
412.702	964	
412.786	955	
412.869	957	
412.953	921	
413.036	977	
413.12	951	
413.204	994	
413.287	969	
413.371	954	
413.455	926	
413.538	960	
413.622	883	
413.706	925	
413.79	895	
413.874	913	
413.958	924	
414.042	1009	
414.126	927	
414.21	915	
414.294	952	
414.378	955	
414.462	956	
414.547	876	
414.631	924	
414.715	961	
414.8	922	
414.884	898	
414.968	915	
415.053	925	
415.137	904	
415.222	908	
415.307	886	
415.391	894	
415.476	857	
415.561	891	
415.645	892	
415.73	885	
415.815	864	
415.9	875	
415.985	895	
416.07	855	
416.155	859	
416.24	846	
416.325	890	
416.41	868	
416.495	900	
416.58	877	
416.666	819	
416.751	909	
416.836	834	
416.921	881	
417.007	858	
417.092	845	
417.178	813	
417.263	871	
417.349	784	
417.434	784	
417.52	835	
417.606	832	
417.691	832	
417.777	830	
417.863	823	
417.949	788	
418.035	834	
418.121	858	
418.207	792	
418.293	812	
418.379	823	
418.465	775	
418.551	782	
418.637	826	
418.723	784	
418.81	801	
418.896	796	
418.982	882	
419.069	771	
419.155	776	
419.241	762	
419.328	751	
419.414	775	
419.501	767	
419.588	838	
419.674	772	
419.761	776	
419.848	781	
419.934	807	
420.021	818	
420.108	794	
420.195	801	
420.282	762	
420.369	800	
420.456	739	
420.543	747	
420.63	767	
420.717	752	
420.805	746	
420.892	721	
420.979	754	
421.066	747	
421.154	737	
421.241	789	
421.329	758	
421.416	762	
421.504	751	
421.591	707	
421.679	712	
421.766	734	
421.854	720	
421.942	778	
422.03	766	
422.117	779	
422.205	745	
422.293	737	
422.381	740	
422.469	776	
422.557	792	
422.645	744	
422.733	626	
422.822	493	
422.91	384	
422.998	296	
423.086	262	
423.175	205	
423.263	135	
423.351	127	
423.44	114	
423.528	76	
423.617	87	
423.706	53	
423.794	25	
423.883	27	
423.972	11	
424.06	5	
424.149	1	
424.238	0	
424.327	1	
424.416	0	
424.505	0	
424.594	0	
424.683	0	
424.772	0	
424.861	0	
424.95	0	
425.039	0	
425.129	0	
425.218	0	
425.307	0	
425.397	0	
425.486	0	
425.576	0	
425.665	0	
425.755	0	
425.844	0	
425.934	0	
426.024	0	
426.113	0	
426.203	0	
426.293	0	
426.383	0	
426.473	0	
426.563	0	
426.653	0	
426.743	0	
426.833	0	
426.923	0	
427.013	0	
427.103	0	
427.194	0	
427.284	0	
427.374	0	
427.465	0	
427.555	0	
427.646	0	
427.736	0	
427.827	0	
427.917	0	
428.008	0	
428.099	0	
428.189	0	
428.28	0	
428.371	0	
428.462	0	
428.553	0	
428.644	0	
428.735	0	
428.826	0	
428.917	0	
429.008	0	
429.099	0	
429.191	0	
429.282	0	
429.373	0	
429.465	0	
429.556	0	
429.647	0	
429.739	0	
429.83	0	
429.922	0	
430.014	0	
430.105	0	
430.197	0	
430.289	0	
430.381	0	
430.472	0	
430.564	0	
430.656	0	
430.748	0	
430.84	0	
430.932	0	
431.025	0	
431.117	0	
431.209	0	
431.301	0	
431.394	0	
431.486	0	
431.578	0	
431.671	0	
431.763	0	
431.856	0	
431.948	0	
432.041	0	
432.134	0	
432.226	0	
432.319	0	
432.412	0	
432.505	0	
432.598	0	
432.691	0	
432.784	0	
432.877	0	
432.97	0	
433.063	0	
433.156	0	
433.249	0	
433.342	0	
433.436	0	
433.529	0	
433.623	0	
433.716	0	
433.809	0	
433.903	0	
433.997	0	
434.09	0	
434.184	0	
434.278	0	
434.371	0	
434.465	0	
434.559	0	
434.653	0	
434.747	0	
434.841	0	
434.935	0	
435.029	0	
435.123	0	


totalCounts: Total Counts
Size: 
----------
totalCounts	
==========
1.89238e+06	
