Scan: BEST U=0.225 #0
Date: 2012 06 09 00:23:00
Sample: [no sample]
Facility: CLS REIXS Beamline

xesSpectrum.X	xesSpectrum	
==========
0	0	
1	0	
2	0	
3	0	
4	0	
5	0	
6	0	
7	0	
8	0	
9	0	
10	0	
11	0	
12	0	
13	0	
14	0	
15	0	
16	0	
17	0	
18	0	
19	0	
20	0	
21	0	
22	0	
23	0	
24	0	
25	0	
26	0	
27	0	
28	0	
29	0	
30	0	
31	6	
32	53	
33	60	
34	51	
35	65	
36	59	
37	79	
38	79	
39	96	
40	66	
41	72	
42	88	
43	55	
44	79	
45	63	
46	72	
47	83	
48	71	
49	76	
50	87	
51	79	
52	70	
53	85	
54	74	
55	76	
56	63	
57	80	
58	61	
59	81	
60	95	
61	71	
62	67	
63	87	
64	71	
65	79	
66	69	
67	59	
68	73	
69	70	
70	63	
71	62	
72	65	
73	68	
74	72	
75	63	
76	63	
77	61	
78	71	
79	76	
80	57	
81	63	
82	67	
83	79	
84	70	
85	54	
86	81	
87	60	
88	68	
89	62	
90	61	
91	62	
92	70	
93	87	
94	73	
95	48	
96	73	
97	62	
98	92	
99	68	
100	63	
101	58	
102	73	
103	51	
104	64	
105	61	
106	61	
107	64	
108	56	
109	61	
110	71	
111	64	
112	65	
113	75	
114	68	
115	66	
116	46	
117	72	
118	59	
119	76	
120	70	
121	58	
122	62	
123	76	
124	72	
125	73	
126	58	
127	73	
128	78	
129	72	
130	64	
131	71	
132	73	
133	67	
134	86	
135	78	
136	58	
137	79	
138	64	
139	63	
140	83	
141	59	
142	91	
143	71	
144	78	
145	69	
146	88	
147	84	
148	67	
149	81	
150	67	
151	78	
152	90	
153	92	
154	74	
155	84	
156	94	
157	79	
158	75	
159	90	
160	86	
161	89	
162	90	
163	86	
164	103	
165	78	
166	82	
167	89	
168	107	
169	95	
170	61	
171	84	
172	102	
173	95	
174	89	
175	114	
176	101	
177	84	
178	117	
179	106	
180	123	
181	112	
182	103	
183	133	
184	134	
185	127	
186	140	
187	150	
188	150	
189	149	
190	151	
191	145	
192	153	
193	170	
194	149	
195	162	
196	146	
197	186	
198	170	
199	201	
200	192	
201	200	
202	225	
203	195	
204	180	
205	194	
206	234	
207	227	
208	235	
209	288	
210	237	
211	258	
212	265	
213	276	
214	307	
215	312	
216	305	
217	329	
218	315	
219	317	
220	327	
221	330	
222	371	
223	355	
224	356	
225	397	
226	386	
227	340	
228	383	
229	375	
230	390	
231	373	
232	374	
233	389	
234	409	
235	406	
236	407	
237	412	
238	403	
239	389	
240	390	
241	417	
242	381	
243	405	
244	372	
245	472	
246	407	
247	406	
248	435	
249	401	
250	373	
251	426	
252	398	
253	430	
254	415	
255	426	
256	424	
257	421	
258	452	
259	431	
260	406	
261	421	
262	410	
263	412	
264	376	
265	437	
266	464	
267	452	
268	407	
269	435	
270	415	
271	439	
272	439	
273	467	
274	474	
275	418	
276	436	
277	463	
278	457	
279	469	
280	482	
281	487	
282	498	
283	474	
284	465	
285	467	
286	456	
287	525	
288	447	
289	490	
290	466	
291	494	
292	458	
293	486	
294	493	
295	512	
296	531	
297	503	
298	489	
299	522	
300	502	
301	499	
302	491	
303	569	
304	515	
305	544	
306	547	
307	556	
308	538	
309	563	
310	575	
311	589	
312	606	
313	580	
314	567	
315	641	
316	566	
317	639	
318	630	
319	574	
320	655	
321	612	
322	663	
323	606	
324	649	
325	659	
326	653	
327	682	
328	714	
329	645	
330	744	
331	740	
332	745	
333	729	
334	717	
335	806	
336	793	
337	804	
338	849	
339	831	
340	830	
341	883	
342	838	
343	888	
344	982	
345	888	
346	921	
347	895	
348	916	
349	924	
350	924	
351	918	
352	1013	
353	947	
354	880	
355	917	
356	980	
357	968	
358	946	
359	971	
360	996	
361	937	
362	1027	
363	1001	
364	983	
365	1009	
366	980	
367	994	
368	995	
369	1005	
370	982	
371	968	
372	974	
373	984	
374	952	
375	984	
376	989	
377	996	
378	953	
379	947	
380	948	
381	924	
382	935	
383	972	
384	954	
385	933	
386	967	
387	930	
388	990	
389	1002	
390	977	
391	968	
392	932	
393	994	
394	959	
395	956	
396	970	
397	1003	
398	1008	
399	1009	
400	965	
401	1026	
402	1033	
403	1038	
404	1066	
405	1066	
406	1092	
407	1058	
408	1134	
409	1138	
410	1137	
411	1215	
412	1179	
413	1236	
414	1202	
415	1234	
416	1280	
417	1254	
418	1234	
419	1229	
420	1175	
421	1181	
422	1164	
423	1133	
424	1118	
425	1055	
426	1054	
427	1037	
428	991	
429	993	
430	986	
431	987	
432	920	
433	965	
434	910	
435	908	
436	871	
437	863	
438	881	
439	890	
440	890	
441	842	
442	898	
443	865	
444	874	
445	909	
446	883	
447	882	
448	908	
449	928	
450	994	
451	1004	
452	1020	
453	1089	
454	1192	
455	1191	
456	1214	
457	1249	
458	1314	
459	1424	
460	1513	
461	1491	
462	1639	
463	1694	
464	1736	
465	1814	
466	1704	
467	1716	
468	1694	
469	1657	
470	1552	
471	1484	
472	1397	
473	1244	
474	1205	
475	1076	
476	1061	
477	953	
478	863	
479	788	
480	730	
481	713	
482	678	
483	650	
484	608	
485	580	
486	527	
487	481	
488	480	
489	459	
490	391	
491	361	
492	352	
493	354	
494	336	
495	314	
496	303	
497	283	
498	278	
499	241	
500	265	
501	247	
502	262	
503	229	
504	253	
505	225	
506	203	
507	190	
508	191	
509	194	
510	178	
511	191	
512	194	
513	190	
514	194	
515	182	
516	168	
517	169	
518	179	
519	175	
520	179	
521	149	
522	159	
523	157	
524	147	
525	134	
526	137	
527	133	
528	140	
529	136	
530	128	
531	157	
532	153	
533	122	
534	143	
535	143	
536	165	
537	130	
538	140	
539	108	
540	145	
541	128	
542	135	
543	138	
544	126	
545	136	
546	131	
547	115	
548	124	
549	122	
550	103	
551	123	
552	115	
553	96	
554	113	
555	126	
556	107	
557	101	
558	120	
559	96	
560	137	
561	103	
562	102	
563	106	
564	90	
565	90	
566	80	
567	94	
568	84	
569	97	
570	102	
571	99	
572	113	
573	109	
574	102	
575	108	
576	100	
577	108	
578	100	
579	105	
580	78	
581	79	
582	79	
583	94	
584	98	
585	91	
586	93	
587	90	
588	90	
589	82	
590	80	
591	87	
592	87	
593	94	
594	88	
595	87	
596	79	
597	100	
598	72	
599	72	
600	84	
601	86	
602	76	
603	84	
604	69	
605	61	
606	87	
607	89	
608	80	
609	90	
610	78	
611	79	
612	76	
613	73	
614	65	
615	66	
616	83	
617	82	
618	80	
619	95	
620	85	
621	73	
622	72	
623	60	
624	76	
625	65	
626	76	
627	57	
628	72	
629	66	
630	60	
631	74	
632	74	
633	55	
634	59	
635	68	
636	77	
637	56	
638	65	
639	63	
640	60	
641	62	
642	54	
643	58	
644	46	
645	62	
646	58	
647	54	
648	52	
649	55	
650	44	
651	72	
652	50	
653	53	
654	45	
655	46	
656	53	
657	51	
658	51	
659	57	
660	57	
661	45	
662	48	
663	54	
664	56	
665	50	
666	55	
667	61	
668	55	
669	65	
670	60	
671	58	
672	60	
673	58	
674	64	
675	62	
676	60	
677	61	
678	51	
679	53	
680	50	
681	49	
682	50	
683	56	
684	53	
685	49	
686	67	
687	43	
688	51	
689	51	
690	54	
691	50	
692	48	
693	58	
694	34	
695	53	
696	55	
697	45	
698	55	
699	42	
700	36	
701	39	
702	38	
703	38	
704	46	
705	46	
706	42	
707	52	
708	41	
709	63	
710	47	
711	39	
712	47	
713	55	
714	61	
715	46	
716	61	
717	42	
718	49	
719	47	
720	58	
721	56	
722	44	
723	51	
724	45	
725	52	
726	39	
727	49	
728	41	
729	36	
730	44	
731	51	
732	53	
733	48	
734	47	
735	42	
736	40	
737	58	
738	50	
739	39	
740	41	
741	54	
742	55	
743	40	
744	56	
745	48	
746	42	
747	33	
748	44	
749	57	
750	57	
751	32	
752	41	
753	46	
754	41	
755	52	
756	50	
757	46	
758	40	
759	41	
760	38	
761	40	
762	49	
763	39	
764	41	
765	39	
766	48	
767	48	
768	45	
769	51	
770	48	
771	38	
772	45	
773	49	
774	41	
775	32	
776	42	
777	33	
778	39	
779	35	
780	42	
781	40	
782	32	
783	41	
784	40	
785	35	
786	39	
787	35	
788	36	
789	24	
790	42	
791	32	
792	31	
793	43	
794	32	
795	33	
796	34	
797	26	
798	33	
799	31	
800	23	
801	57	
802	29	
803	33	
804	36	
805	35	
806	42	
807	43	
808	38	
809	26	
810	30	
811	34	
812	35	
813	40	
814	28	
815	37	
816	29	
817	54	
818	36	
819	33	
820	35	
821	45	
822	33	
823	36	
824	34	
825	34	
826	47	
827	37	
828	31	
829	28	
830	29	
831	21	
832	38	
833	29	
834	31	
835	29	
836	22	
837	24	
838	24	
839	25	
840	29	
841	29	
842	32	
843	26	
844	21	
845	34	
846	23	
847	22	
848	34	
849	25	
850	30	
851	28	
852	28	
853	24	
854	26	
855	28	
856	30	
857	28	
858	25	
859	27	
860	34	
861	32	
862	27	
863	23	
864	33	
865	19	
866	17	
867	20	
868	27	
869	22	
870	18	
871	22	
872	31	
873	25	
874	20	
875	30	
876	21	
877	23	
878	24	
879	25	
880	22	
881	28	
882	17	
883	18	
884	19	
885	18	
886	16	
887	17	
888	15	
889	23	
890	16	
891	10	
892	8	
893	3	
894	3	
895	1	
896	0	
897	0	
898	1	
899	0	
900	0	
901	0	
902	0	
903	0	
904	0	
905	0	
906	0	
907	0	
908	0	
909	0	
910	0	
911	0	
912	0	
913	0	
914	0	
915	0	
916	0	
917	0	
918	0	
919	0	
920	0	
921	0	
922	0	
923	0	
924	0	
925	0	
926	0	
927	0	
928	0	
929	0	
930	0	
931	0	
932	0	
933	0	
934	0	
935	0	
936	0	
937	0	
938	0	
939	0	
940	0	
941	0	
942	0	
943	0	
944	0	
945	0	
946	0	
947	0	
948	0	
949	0	
950	0	
951	0	
952	0	
953	0	
954	0	
955	0	
956	0	
957	0	
958	0	
959	0	
960	0	
961	0	
962	0	
963	0	
964	0	
965	0	
966	0	
967	0	
968	0	
969	0	
970	0	
971	0	
972	0	
973	0	
974	0	
975	0	
976	0	
977	0	
978	0	
979	0	
980	0	
981	0	
982	0	
983	0	
984	0	
985	0	
986	0	
987	0	
988	0	
989	0	
990	0	
991	0	
992	0	
993	0	
994	0	
995	0	
996	0	
997	0	
998	0	
999	0	
1000	0	
1001	0	
1002	0	
1003	0	
1004	0	
1005	0	
1006	0	
1007	0	
1008	0	
1009	0	
1010	0	
1011	0	
1012	0	
1013	0	
1014	0	
1015	0	
1016	0	
1017	0	
1018	0	
1019	0	
1020	0	
1021	0	
1022	0	
1023	0	


totalCounts: Total Counts
Size: 
----------
totalCounts	
==========
288792	
