Friday, November 30, 2007 02:10:40 PM
4.000000	-1.068200E-3	3.167976E-1	240.791
4.098500	-1.831200E-3	3.166450E-1	240.791
4.204000	-1.220800E-3	3.164924E-1	240.761
4.303000	-1.983800E-3	3.167976E-1	240.761
4.401500	-7.630000E-4	3.164924E-1	240.761
4.502000	-1.373400E-3	3.167976E-1	240.761
4.602500	-7.630000E-4	3.166450E-1	240.730
4.701500	-1.678600E-3	3.163398E-1	240.730
4.802000	-1.373400E-3	3.164924E-1	240.730
4.902000	-2.441600E-3	3.167976E-1	240.730
5.001500	-1.678600E-3	3.164924E-1	240.730
5.102500	-1.373400E-3	3.166450E-1	240.822
5.202000	-9.156000E-4	3.167976E-1	240.822
5.302500	-9.156000E-4	3.166450E-1	240.822
5.402500	-6.104000E-4	3.164924E-1	240.822
5.502000	-1.068200E-3	3.169502E-1	240.761
5.602500	-9.156000E-4	3.164924E-1	240.761
5.702000	-7.630000E-4	3.167976E-1	240.761
5.802000	-7.630000E-4	3.164924E-1	240.761
5.903000	-1.526000E-3	3.166450E-1	240.730
6.002500	-1.220800E-3	3.164924E-1	240.730
6.102500	-7.630000E-4	3.171028E-1	240.730
6.203500	-1.526000E-3	3.166450E-1	240.730
6.302000	-9.156000E-4	3.163398E-1	240.730
6.402000	-1.068200E-3	3.164924E-1	240.730
6.502000	-1.526000E-3	3.167976E-1	240.730
6.601500	-9.156000E-4	3.167976E-1	240.730
6.701500	-6.104000E-4	3.167976E-1	240.730
6.802000	-6.104000E-4	3.161872E-1	240.761
6.902500	-9.156000E-4	3.164924E-1	240.761
7.001500	-7.630000E-4	3.169502E-1	240.761
7.102000	-4.578000E-4	3.166450E-1	240.761
7.203000	-1.220800E-3	3.166450E-1	240.761
7.302500	-1.373400E-3	3.166450E-1	240.730
7.401500	-1.220800E-3	3.164924E-1	240.730
7.502500	-1.068200E-3	3.166450E-1	240.730
7.602000	1.526000E-4	3.169502E-1	240.730
7.701000	7.324800E-3	3.164924E-1	240.791
7.802000	8.698200E-3	3.164924E-1	240.791
7.902500	8.240400E-3	3.164924E-1	240.791
8.001500	8.393000E-3	3.164924E-1	240.791
8.101500	4.425400E-3	3.164924E-1	240.791
8.203500	-1.373400E-3	3.166450E-1	240.761
8.302500	-1.068200E-3	3.166450E-1	240.761
8.402000	-6.104000E-4	3.164924E-1	240.761
8.502500	-9.156000E-4	3.164924E-1	240.761
8.601500	-1.220800E-3	3.164924E-1	240.730
8.701500	-9.156000E-4	3.164924E-1	240.730
8.802000	-7.630000E-4	3.166450E-1	240.730
8.901500	-7.630000E-4	3.163398E-1	240.730
9.001500	-1.526000E-4	3.166450E-1	240.730
9.101500	-3.052000E-4	3.166450E-1	240.730
9.203000	-9.156000E-4	3.164924E-1	240.730
9.302500	-9.156000E-4	3.167976E-1	240.730
9.401000	-4.578000E-4	3.164924E-1	240.730
9.502000	-6.104000E-4	3.166450E-1	240.730
9.602000	-6.104000E-4	3.166450E-1	240.730
9.701000	3.052000E-3	3.164924E-1	240.730
9.801500	2.960440E-2	3.164924E-1	240.730
9.902000	2.975700E-2	3.164924E-1	240.730
10.001500	3.006220E-2	3.163398E-1	240.730
10.102000	2.975700E-2	3.166450E-1	240.730
10.202500	1.342880E-2	3.166450E-1	240.730
10.302500	-3.052000E-4	3.164924E-1	240.730
10.401000	0.000000E+0	3.164924E-1	240.699
10.501500	0.000000E+0	3.164924E-1	240.699
10.601500	4.578000E-4	3.167976E-1	240.699
10.701500	9.156000E-4	3.163398E-1	240.699
10.802000	1.068200E-3	3.166450E-1	240.699
10.902500	1.220800E-3	3.164924E-1	240.699
11.001500	1.983800E-3	3.166450E-1	240.699
11.102000	2.441600E-3	3.161872E-1	240.699
11.203000	2.441600E-3	3.164924E-1	240.699
11.303000	1.200962E-1	3.164924E-1	240.699
11.401500	1.223852E-1	3.166450E-1	240.699
11.501500	1.229956E-1	3.163398E-1	240.699
11.601500	1.216222E-1	3.164924E-1	240.699
11.701500	1.110928E-1	3.164924E-1	240.699
11.802000	3.052000E-3	3.164924E-1	240.730
11.902000	1.831200E-3	3.164924E-1	240.730
12.001500	2.441600E-3	3.163398E-1	240.730
12.101500	2.899400E-3	3.166450E-1	240.730
12.203000	3.509800E-3	3.166450E-1	240.669
12.302500	4.425400E-3	3.163398E-1	240.669
12.401500	4.730600E-3	3.164924E-1	240.669
12.501500	1.175020E-2	3.167976E-1	240.669
12.601500	1.435966E-1	3.163398E-1	240.669
12.701500	1.446648E-1	3.163398E-1	240.699
12.802500	1.448174E-1	3.161872E-1	240.699
12.901500	1.435966E-1	3.166450E-1	240.699
13.002000	6.180300E-2	3.164924E-1	240.699
13.102000	4.730600E-3	3.164924E-1	240.730
13.203500	4.578000E-3	3.164924E-1	240.730
13.303000	2.899400E-3	3.161872E-1	240.730
13.401000	3.662400E-3	3.164924E-1	240.730
13.501500	2.594200E-3	3.167976E-1	240.638
13.602000	2.899400E-3	3.166450E-1	240.638
13.701500	3.509800E-2	3.166450E-1	240.638
13.802000	3.540320E-2	3.163398E-1	240.638
13.902000	3.540320E-2	3.163398E-1	240.638
14.002000	3.540320E-2	3.166450E-1	240.669
14.102000	2.182180E-2	3.167976E-1	240.669
14.203000	1.678600E-3	3.166450E-1	240.669
14.303000	2.289000E-3	3.166450E-1	240.669
14.401500	2.441600E-3	3.161872E-1	240.669
14.501500	1.526000E-3	3.169502E-1	240.699
14.601500	4.578000E-4	3.164924E-1	240.699
14.701500	3.052000E-3	3.164924E-1	240.699
14.802000	3.357200E-3	3.163398E-1	240.699
14.902500	3.357200E-3	3.161872E-1	240.638
15.001500	2.289000E-3	3.163398E-1	240.638
15.102000	4.578000E-4	3.164924E-1	240.638
15.203000	-1.068200E-3	3.163398E-1	240.638
15.303000	-6.104000E-4	3.161872E-1	240.638
15.402000	-1.526000E-4	3.163398E-1	240.669
15.502000	-3.052000E-4	3.166450E-1	240.669
15.602000	3.052000E-4	3.164924E-1	240.669
15.702500	6.104000E-4	3.164924E-1	240.669
15.802500	4.578000E-4	3.163398E-1	240.608
15.902000	6.104000E-4	3.163398E-1	240.608
16.001500	-1.526000E-4	3.166450E-1	240.608
