Friday, November 30, 2007 03:51:28 PM
1.000000	6.867000E-3	1.640450E-1	212.806
2.000000	2.882614E-1	1.263986E+0	212.714
3.000000	3.746330E-1	1.480373E+0	212.714
4.000000	4.117148E-1	1.547517E+0	212.745
5.000000	4.318580E-1	1.582920E+0	212.714
6.000000	4.518486E-1	1.595128E+0	212.745
7.000000	4.645144E-1	1.600927E+0	212.714
8.000000	4.790114E-1	1.604284E+0	212.714
9.000000	4.924402E-1	1.604894E+0	212.714
10.000000	5.025118E-1	1.604589E+0	212.714
11.000000	5.180770E-1	1.603979E+0	212.653
12.000000	5.307428E-1	1.602453E+0	212.683
13.000000	5.437138E-1	1.599858E+0	212.683
14.000000	5.562270E-1	1.597264E+0	212.683
15.000000	5.662986E-1	1.594670E+0	212.714
16.000000	5.766754E-1	1.591313E+0	212.683
17.000000	5.830846E-1	1.588719E+0	212.683
18.000000	5.928510E-1	1.585209E+0	212.714
19.000000	5.988024E-1	1.578494E+0	212.653
20.000000	5.994128E-1	1.573001E+0	212.653
21.000000	6.006336E-1	1.567355E+0	212.653
22.000000	5.948348E-1	1.562319E+0	212.683
23.000000	5.894938E-1	1.556673E+0	212.653
24.000000	5.775910E-1	1.550721E+0	212.622
25.000000	5.633992E-1	1.545685E+0	212.622
26.000000	5.493600E-1	1.539581E+0	212.653
27.000000	5.290642E-1	1.530425E+0	212.622
28.000000	5.107522E-1	1.518980E+0	212.683
29.000000	4.921350E-1	1.506467E+0	212.683
30.000000	4.758068E-1	1.496548E+0	212.622
31.000000	4.562740E-1	1.482051E+0	212.622
32.000000	4.285008E-1	1.448174E+0	212.622
33.000000	4.358256E-1	1.426810E+0	212.622
34.000000	5.070898E-1	1.431846E+0	212.622
35.000000	5.824742E-1	1.430167E+0	212.622
36.000000	6.047538E-1	1.419943E+0	212.561
37.000000	5.896464E-1	1.390033E+0	212.561
38.000000	5.498178E-1	1.422232E+0	212.531
39.000000	6.892942E-1	1.419638E+0	212.561
40.000000	8.249556E-1	1.388660E+0	212.531
41.000000	8.672258E-1	1.393238E+0	212.531
42.000000	8.832488E-1	1.389423E+0	212.592
43.000000	8.962198E-1	1.383319E+0	212.561
44.000000	9.053758E-1	1.375079E+0	212.561
45.000000	9.082752E-1	1.366380E+0	212.561
46.000000	9.145318E-1	1.358598E+0	212.561
47.000000	9.212462E-1	1.341812E+0	212.531
48.000000	9.217040E-1	1.333571E+0	212.561
49.000000	9.241456E-1	1.326552E+0	212.500
50.000000	9.264346E-1	1.319990E+0	212.531
51.000000	9.265872E-1	1.313428E+0	212.531
52.000000	9.297918E-1	1.306256E+0	212.561
53.000000	9.259768E-1	1.297710E+0	212.561
54.000000	9.215514E-1	1.289012E+0	212.531
55.000000	9.178890E-1	1.279093E+0	212.531
56.000000	9.131584E-1	1.269022E+0	212.531
57.000000	9.079700E-1	1.258645E+0	212.531
58.000000	8.982036E-1	1.246437E+0	212.531
59.000000	8.920996E-1	1.235297E+0	212.470
60.000000	8.838592E-1	1.222479E+0	212.500
61.000000	8.754662E-1	1.211339E+0	212.470
62.000000	8.687518E-1	1.200657E+0	212.470
63.000000	8.614270E-1	1.189822E+0	212.439
64.000000	8.554756E-1	1.179903E+0	212.470
65.000000	8.495242E-1	1.171205E+0	212.500
66.000000	8.423520E-1	1.162812E+0	212.500
67.000000	8.391474E-1	1.154419E+0	212.439
68.000000	8.338064E-1	1.146026E+0	212.470
69.000000	8.307544E-1	1.138854E+0	212.470
70.000000	8.296862E-1	1.133055E+0	212.470
71.000000	8.252608E-1	1.126493E+0	212.439
72.000000	8.241926E-1	1.121000E+0	212.439
73.000000	8.212932E-1	1.113980E+0	212.439
74.000000	8.164100E-1	1.107266E+0	212.470
75.000000	8.136632E-1	1.099025E+0	212.439
76.000000	8.072540E-1	1.091090E+0	212.439
77.000000	8.031338E-1	1.082392E+0	212.409
78.000000	7.935200E-1	1.072931E+0	212.409
79.000000	7.909258E-1	1.067132E+0	212.409
80.000000	7.851270E-1	1.059807E+0	212.378
81.000000	7.758184E-1	1.047294E+0	212.409
82.000000	7.692566E-1	1.039511E+0	212.409
83.000000	7.597954E-1	1.029440E+0	212.378
84.000000	7.538440E-1	1.020894E+0	212.378
85.000000	7.459088E-1	1.014180E+0	212.439
86.000000	7.401100E-1	1.008533E+0	212.409
87.000000	7.353794E-1	1.003803E+0	212.409
88.000000	7.279020E-1	9.989196E-1	212.409
89.000000	7.237818E-1	9.941890E-1	212.378
90.000000	7.140154E-1	9.890006E-1	212.409
91.000000	7.080640E-1	9.836596E-1	212.348
92.000000	6.975346E-1	9.770978E-1	212.317
93.000000	6.834954E-1	9.690100E-1	212.378
94.000000	6.751024E-1	9.604644E-1	212.317
95.000000	6.589268E-1	9.526818E-1	212.378
96.000000	6.462610E-1	9.447466E-1	212.348
97.000000	6.308484E-1	9.368114E-1	212.317
98.000000	6.183352E-1	9.273502E-1	212.378
99.000000	6.009388E-1	9.181942E-1	212.317
100.000000	5.865944E-1	9.088856E-1	212.287
101.000000	5.702662E-1	8.988140E-1	212.287
102.000000	5.548536E-1	8.888950E-1	212.287
103.000000	5.426456E-1	8.789760E-1	212.287
104.000000	5.263174E-1	8.705830E-1	212.287
105.000000	5.159406E-1	8.628004E-1	212.287
106.000000	5.077002E-1	8.562386E-1	212.226
107.000000	5.019014E-1	8.512028E-1	212.287
108.000000	4.961026E-1	8.463196E-1	212.256
109.000000	4.898460E-1	8.431150E-1	212.317
110.000000	4.875570E-1	8.403682E-1	212.287
111.000000	4.832842E-1	8.382318E-1	212.256
112.000000	4.797744E-1	8.356376E-1	212.256
113.000000	4.785536E-1	8.325856E-1	212.256
114.000000	4.706184E-1	8.298388E-1	212.226
115.000000	4.712288E-1	8.260238E-1	212.226
116.000000	4.626832E-1	8.214458E-1	212.226
117.000000	4.574948E-1	8.162574E-1	212.195
118.000000	4.484914E-1	8.103060E-1	212.226
119.000000	4.387250E-1	8.049650E-1	212.226
120.000000	4.289586E-1	7.980980E-1	212.226
121.000000	4.158350E-1	7.904680E-1	212.226
122.000000	4.033218E-1	7.813120E-1	212.195
123.000000	3.842468E-1	7.691040E-1	212.226
124.000000	3.616620E-1	7.553700E-1	212.195
125.000000	3.422818E-1	7.381262E-1	212.195
126.000000	3.151190E-1	7.205772E-1	212.195
127.000000	2.913134E-1	7.013496E-1	212.195
128.000000	2.583518E-1	6.798330E-1	212.195
129.000000	2.330202E-1	6.630470E-1	212.165
130.000000	2.086042E-1	6.487026E-1	212.165
131.000000	1.831200E-1	6.355790E-1	212.134
132.000000	1.611456E-1	6.230658E-1	212.195
133.000000	1.423758E-1	6.104000E-1	212.165
134.000000	1.269632E-1	5.994128E-1	212.165
135.000000	1.135344E-1	5.894938E-1	212.165
136.000000	1.023946E-1	5.795748E-1	212.134
137.000000	9.293340E-2	5.698084E-1	212.195
138.000000	8.164100E-2	5.569900E-1	212.134
139.000000	7.492660E-2	5.453924E-1	212.104
140.000000	6.760180E-2	5.337948E-1	212.134
141.000000	5.875100E-2	5.215868E-1	212.134
142.000000	5.630940E-2	5.098366E-1	212.134
143.000000	4.837420E-2	4.977812E-1	212.104
144.000000	4.364360E-2	4.881674E-1	212.134
145.000000	3.769220E-2	4.790114E-1	212.104
146.000000	3.311420E-2	4.681768E-1	212.134
147.000000	3.067260E-2	4.523064E-1	212.073
148.000000	2.533160E-2	4.237702E-1	212.073
149.000000	1.907500E-2	3.898930E-1	212.043
150.000000	1.815940E-2	3.587626E-1	212.043
151.000000	1.632820E-2	3.637984E-1	212.104
152.000000	2.624720E-2	3.998120E-1	212.104
153.000000	3.799740E-2	4.361308E-1	212.073
154.000000	4.501700E-2	4.483388E-1	212.073
155.000000	5.386780E-2	4.492544E-1	212.043
156.000000	6.775440E-2	4.155298E-1	212.073
157.000000	6.989080E-2	3.673082E-1	212.073
158.000000	6.363420E-2	3.422818E-1	212.073
159.000000	3.769220E-2	3.386194E-1	212.043
160.000000	5.905620E-2	2.891770E-1	212.043
161.000000	1.747270E-1	2.118088E-1	212.073
162.000000	2.914660E-1	1.907500E-1	212.073
163.000000	3.651718E-1	1.840356E-1	212.104
164.000000	4.037796E-1	1.822044E-1	212.043
165.000000	4.400984E-1	1.815940E-1	212.043
166.000000	4.620728E-1	1.806784E-1	212.043
167.000000	4.809952E-1	1.796102E-1	212.043
168.000000	5.014436E-1	1.786946E-1	212.012
169.000000	5.115152E-1	1.776264E-1	211.982
170.000000	5.229602E-1	1.764056E-1	212.012
171.000000	5.310480E-1	1.754900E-1	212.012
172.000000	5.403566E-1	1.744218E-1	211.982
173.000000	5.460028E-1	1.735062E-1	212.012
174.000000	5.496652E-1	1.727432E-1	211.982
175.000000	5.553114E-1	1.715224E-1	212.012
176.000000	5.554640E-1	1.703016E-1	212.012
177.000000	5.618732E-1	1.695386E-1	211.951
178.000000	5.600420E-1	1.686230E-1	211.982
179.000000	5.621784E-1	1.674022E-1	211.982
180.000000	5.637044E-1	1.663340E-1	211.951
181.000000	5.614154E-1	1.654184E-1	211.951
182.000000	5.635518E-1	1.648080E-1	211.982
183.000000	5.621784E-1	1.638924E-1	212.012
184.000000	5.579056E-1	1.625190E-1	211.982
185.000000	5.580582E-1	1.616034E-1	211.951
186.000000	5.547010E-1	1.608404E-1	211.951
187.000000	5.518016E-1	1.597722E-1	211.921
188.000000	5.481392E-1	1.585514E-1	211.921
189.000000	5.438664E-1	1.580936E-1	211.921
190.000000	5.415774E-1	1.570254E-1	211.921
191.000000	5.365416E-1	1.568728E-1	211.890
192.000000	5.336422E-1	1.558046E-1	211.951
193.000000	5.264700E-1	1.553468E-1	211.921
194.000000	5.218920E-1	1.539734E-1	211.921
195.000000	5.192978E-1	1.533630E-1	211.921
196.000000	5.110574E-1	1.521422E-1	211.921
197.000000	5.075476E-1	1.513792E-1	211.859
198.000000	5.012910E-1	1.504636E-1	211.921
199.000000	4.948818E-1	1.495480E-1	211.890
200.000000	4.910668E-1	1.480220E-1	211.890
0.000000	0.000000E+0	0.000000E+0	0.000
