Friday, November 30, 2007 08:56:58 PM
1.000000	4.120200E-3	2.475172E-1	266.396
2.000000	1.452752E-1	1.624580E+0	266.396
3.000000	1.735062E-1	1.865993E+0	266.335
4.000000	1.921234E-1	1.950381E+0	266.366
5.000000	2.049418E-1	1.993261E+0	266.335
6.000000	2.165394E-1	2.008674E+0	266.366
7.000000	2.223382E-1	2.015541E+0	266.366
8.000000	2.304260E-1	2.018440E+0	266.335
9.000000	2.362248E-1	2.019508E+0	266.305
10.000000	2.450756E-1	2.018898E+0	266.305
11.000000	2.540790E-1	2.017830E+0	266.335
12.000000	2.620142E-1	2.016151E+0	266.305
13.000000	2.694916E-1	2.012794E+0	266.305
14.000000	2.801736E-1	2.009437E+0	266.305
15.000000	2.841412E-1	2.006080E+0	266.274
16.000000	2.905504E-1	2.002265E+0	266.274
17.000000	2.992486E-1	1.998450E+0	266.274
18.000000	3.044370E-1	1.994177E+0	266.213
19.000000	3.068786E-1	1.985631E+0	266.274
20.000000	3.140508E-1	1.978001E+0	266.243
21.000000	3.111514E-1	1.970829E+0	266.274
22.000000	3.129826E-1	1.963504E+0	266.274
23.000000	3.117618E-1	1.956637E+0	266.243
24.000000	3.070312E-1	1.949770E+0	266.243
25.000000	3.058104E-1	1.943208E+0	266.243
26.000000	2.966544E-1	1.934205E+0	266.243
27.000000	2.899400E-1	1.922150E+0	266.213
28.000000	2.815470E-1	1.907958E+0	266.213
29.000000	2.736118E-1	1.891935E+0	266.213
30.000000	2.694916E-1	1.879879E+0	266.182
31.000000	2.571310E-1	1.860194E+0	266.182
32.000000	2.461438E-1	1.815940E+0	266.152
33.000000	2.508744E-1	1.790761E+0	266.121
34.000000	2.948232E-1	1.797170E+0	266.152
35.000000	3.372460E-1	1.796712E+0	266.152
36.000000	3.537268E-1	1.782368E+0	266.152
37.000000	3.464020E-1	1.746354E+0	266.121
38.000000	3.253432E-1	1.789235E+0	266.152
39.000000	4.182766E-1	1.778553E+0	266.152
40.000000	4.893882E-1	1.744371E+0	266.121
41.000000	5.186874E-1	1.750169E+0	266.121
42.000000	5.368468E-1	1.746049E+0	266.152
43.000000	5.463080E-1	1.737809E+0	266.152
44.000000	5.513438E-1	1.727432E+0	266.091
45.000000	5.655356E-1	1.716903E+0	266.060
46.000000	5.676720E-1	1.706678E+0	266.091
47.000000	5.730130E-1	1.696149E+0	266.091
48.000000	5.803378E-1	1.686077E+0	266.060
49.000000	5.820164E-1	1.674938E+0	266.060
50.000000	5.997180E-1	1.666697E+0	266.060
51.000000	6.047538E-1	1.657694E+0	266.060
52.000000	6.038382E-1	1.648843E+0	265.999
53.000000	6.071954E-1	1.640145E+0	266.030
54.000000	6.132994E-1	1.630226E+0	266.030
55.000000	6.073480E-1	1.618933E+0	266.030
56.000000	6.238288E-1	1.606725E+0	266.030
57.000000	6.183352E-1	1.594060E+0	266.030
58.000000	6.201664E-1	1.580478E+0	266.030
59.000000	6.180300E-1	1.564455E+0	265.969
60.000000	6.195560E-1	1.550111E+0	265.999
61.000000	6.178774E-1	1.535614E+0	265.999
62.000000	6.140624E-1	1.520812E+0	266.030
63.000000	6.209294E-1	1.507535E+0	265.969
64.000000	6.149780E-1	1.493649E+0	265.969
65.000000	6.174196E-1	1.481746E+0	265.999
66.000000	6.149780E-1	1.469996E+0	265.969
67.000000	6.169618E-1	1.459466E+0	265.938
68.000000	6.219976E-1	1.448784E+0	265.938
69.000000	6.218450E-1	1.438102E+0	265.938
70.000000	6.229132E-1	1.429709E+0	265.908
71.000000	6.271860E-1	1.421774E+0	265.908
72.000000	6.250496E-1	1.414602E+0	265.938
73.000000	6.310010E-1	1.406972E+0	265.908
74.000000	6.348160E-1	1.398426E+0	265.847
75.000000	6.357316E-1	1.389728E+0	265.877
76.000000	6.404622E-1	1.379962E+0	265.908
77.000000	6.386310E-1	1.369127E+0	265.877
78.000000	6.383258E-1	1.358293E+0	265.877
79.000000	6.371050E-1	1.346085E+0	265.877
80.000000	6.393940E-1	1.338912E+0	265.877
81.000000	6.401570E-1	1.329451E+0	265.877
82.000000	6.358842E-1	1.315412E+0	265.877
83.000000	6.377154E-1	1.304272E+0	265.816
84.000000	6.322218E-1	1.292064E+0	265.847
85.000000	6.335952E-1	1.281535E+0	265.847
86.000000	6.305432E-1	1.272531E+0	265.847
87.000000	6.288646E-1	1.265207E+0	265.816
88.000000	6.335952E-1	1.259560E+0	265.816
89.000000	6.284068E-1	1.253304E+0	265.816
90.000000	6.316114E-1	1.247658E+0	265.755
91.000000	6.267282E-1	1.241554E+0	265.755
92.000000	6.245918E-1	1.234076E+0	265.786
93.000000	6.197086E-1	1.226141E+0	265.725
94.000000	6.137572E-1	1.215459E+0	265.816
95.000000	6.061272E-1	1.205387E+0	265.755
96.000000	5.994128E-1	1.194858E+0	265.755
97.000000	5.823216E-1	1.175020E+0	265.694
98.000000	5.681298E-1	1.163270E+0	265.755
99.000000	5.600420E-1	1.151672E+0	265.786
100.000000	5.511912E-1	1.139464E+0	265.786
101.000000	5.398988E-1	1.126798E+0	265.694
102.000000	5.290642E-1	1.114438E+0	265.694
103.000000	5.163984E-1	1.101619E+0	265.725
104.000000	5.102944E-1	1.091243E+0	265.694
105.000000	4.997650E-1	1.081324E+0	265.694
106.000000	4.977812E-1	1.073083E+0	265.694
107.000000	4.951870E-1	1.066979E+0	265.664
108.000000	4.930506E-1	1.060875E+0	265.633
109.000000	4.918298E-1	1.056908E+0	265.664
110.000000	4.895408E-1	1.053550E+0	265.633
111.000000	4.930506E-1	1.051109E+0	265.694
112.000000	4.898460E-1	1.047446E+0	265.664
113.000000	4.941188E-1	1.043784E+0	265.633
114.000000	4.924402E-1	1.040274E+0	265.633
115.000000	4.930506E-1	1.035544E+0	265.633
116.000000	4.895408E-1	1.030050E+0	265.633
117.000000	4.843524E-1	1.023946E+0	265.603
118.000000	4.773328E-1	1.016621E+0	265.633
119.000000	4.719918E-1	1.009602E+0	265.572
120.000000	4.666508E-1	1.001361E+0	265.572
121.000000	4.539850E-1	9.914422E-1	265.572
122.000000	4.460498E-1	9.799972E-1	265.572
123.000000	4.231598E-1	9.638216E-1	265.572
124.000000	4.039322E-1	9.462726E-1	265.572
125.000000	3.799740E-1	9.255190E-1	265.542
126.000000	3.511326E-1	9.026290E-1	265.542
127.000000	3.261062E-1	8.772974E-1	265.511
128.000000	2.940602E-1	8.515080E-1	265.542
129.000000	2.652188E-1	8.298388E-1	265.542
130.000000	2.374456E-1	8.107638E-1	265.542
131.000000	2.136400E-1	7.947408E-1	265.542
132.000000	1.892240E-1	7.793282E-1	265.481
133.000000	1.667918E-1	7.626948E-1	265.481
134.000000	1.501584E-1	7.491134E-1	265.450
135.000000	1.355088E-1	7.361424E-1	265.511
136.000000	1.236060E-1	7.239344E-1	265.481
137.000000	1.115506E-1	7.108108E-1	265.481
138.000000	1.014790E-1	6.946352E-1	265.481
139.000000	8.972880E-2	6.802908E-1	265.511
140.000000	8.316700E-2	6.656412E-1	265.511
141.000000	7.401100E-2	6.494656E-1	265.481
142.000000	6.821220E-2	6.346634E-1	265.419
143.000000	6.241340E-2	6.201664E-1	265.419
144.000000	5.478340E-2	6.079584E-1	265.419
145.000000	5.188400E-2	5.960556E-1	265.419
146.000000	4.318580E-2	5.818638E-1	265.419
147.000000	3.753960E-2	5.612628E-1	265.450
148.000000	3.113040E-2	5.246388E-1	265.389
149.000000	2.517900E-2	4.817582E-1	265.419
150.000000	2.304260E-2	4.433030E-1	265.419
151.000000	2.289000E-2	4.509330E-1	265.389
152.000000	3.448760E-2	4.976286E-1	265.419
153.000000	5.310480E-2	5.423404E-1	265.389
154.000000	6.073480E-2	5.580582E-1	265.328
155.000000	7.736820E-2	5.589738E-1	265.358
156.000000	9.171260E-2	5.156354E-1	265.358
157.000000	9.857960E-2	4.547480E-1	265.389
158.000000	8.484560E-2	4.252962E-1	265.389
159.000000	5.127360E-2	4.188870E-1	265.328
160.000000	8.743980E-2	3.549476E-1	265.328
161.000000	2.453808E-1	2.623194E-1	265.328
162.000000	4.016432E-1	2.377508E-1	265.358
163.000000	5.061742E-1	2.304260E-1	265.267
164.000000	5.740812E-1	2.287474E-1	265.297
165.000000	6.126890E-1	2.273740E-1	265.358
166.000000	6.599950E-1	2.267636E-1	265.358
167.000000	6.886838E-1	2.252376E-1	265.267
168.000000	7.111160E-1	2.241694E-1	265.267
169.000000	7.343112E-1	2.229486E-1	265.206
170.000000	7.521654E-1	2.218804E-1	265.267
171.000000	7.784126E-1	2.208122E-1	265.267
172.000000	7.973350E-1	2.195914E-1	265.267
173.000000	8.000818E-1	2.180654E-1	265.297
174.000000	8.136632E-1	2.166920E-1	265.206
175.000000	8.316700E-1	2.153186E-1	265.206
176.000000	8.371636E-1	2.140978E-1	265.206
177.000000	8.458618E-1	2.128770E-1	265.236
178.000000	8.550178E-1	2.110458E-1	265.175
179.000000	8.621900E-1	2.104354E-1	265.206
180.000000	8.766870E-1	2.095198E-1	265.206
181.000000	8.782130E-1	2.082990E-1	265.206
182.000000	8.789760E-1	2.066204E-1	265.206
183.000000	8.782130E-1	2.055522E-1	265.206
184.000000	8.762292E-1	2.043314E-1	265.145
185.000000	8.794338E-1	2.029580E-1	265.145
186.000000	8.882846E-1	2.023476E-1	265.114
187.000000	8.879794E-1	2.008216E-1	265.145
188.000000	8.859956E-1	1.996008E-1	265.175
189.000000	8.830962E-1	1.982274E-1	265.114
190.000000	8.772974E-1	1.974644E-1	265.114
191.000000	8.736350E-1	1.962436E-1	265.114
192.000000	8.737876E-1	1.956332E-1	265.114
193.000000	8.768396E-1	1.944124E-1	265.114
194.000000	8.733298E-1	1.934968E-1	265.114
195.000000	8.681414E-1	1.921234E-1	265.114
196.000000	8.692096E-1	1.909026E-1	265.114
197.000000	8.611218E-1	1.899870E-1	265.084
198.000000	8.556282E-1	1.881558E-1	265.053
199.000000	8.534918E-1	1.869350E-1	265.084
200.000000	8.519658E-1	1.854090E-1	265.084
0.000000	0.000000E+0	0.000000E+0	0.000
