Sunday, December 02, 2007 02:08:35 PM
1.000000	2.816843E+0	7.602532E-1	236.274
2.000000	2.776099E+0	7.604058E-1	236.305
3.000000	2.746342E+0	7.599480E-1	236.335
4.000000	2.677977E+0	7.617792E-1	236.305
5.000000	2.616327E+0	7.611688E-1	236.274
6.000000	2.505539E+0	7.594902E-1	236.274
7.000000	2.377203E+0	7.588798E-1	236.213
8.000000	2.284422E+0	7.556752E-1	236.213
9.000000	2.191946E+0	7.518602E-1	236.244
10.000000	2.159900E+0	7.477400E-1	236.274
11.000000	2.154865E+0	7.385840E-1	236.213
12.000000	2.200187E+0	7.266812E-1	236.244
13.000000	2.279997E+0	7.149310E-1	236.244
14.000000	2.448620E+0	7.008918E-1	236.274
15.000000	2.600304E+0	7.007392E-1	236.213
16.000000	2.691101E+0	7.059276E-1	236.152
17.000000	2.557881E+0	7.089796E-1	236.213
18.000000	2.561238E+0	7.127946E-1	236.213
19.000000	2.778693E+0	7.286650E-1	236.152
20.000000	2.949300E+0	7.379736E-1	236.213
21.000000	3.127232E+0	7.333956E-1	236.213
22.000000	3.299822E+0	7.327852E-1	236.183
23.000000	3.380243E+0	7.332430E-1	236.213
24.000000	3.439909E+0	7.329378E-1	236.183
25.000000	3.464173E+0	7.324800E-1	236.183
26.000000	3.492709E+0	7.312592E-1	236.152
27.000000	3.520940E+0	7.295806E-1	236.152
28.000000	3.534216E+0	7.295806E-1	236.152
29.000000	3.549934E+0	7.272916E-1	236.183
30.000000	3.567330E+0	7.269864E-1	236.091
31.000000	3.576639E+0	7.251552E-1	236.122
32.000000	3.590525E+0	7.233240E-1	236.152
33.000000	3.598918E+0	7.233240E-1	236.091
34.000000	3.605633E+0	7.207298E-1	236.091
35.000000	3.607769E+0	7.185934E-1	236.122
36.000000	3.613568E+0	7.178304E-1	236.091
37.000000	3.620740E+0	7.150836E-1	236.091
38.000000	3.619367E+0	7.130998E-1	236.091
39.000000	3.620130E+0	7.115738E-1	236.091
40.000000	3.621656E+0	7.095900E-1	236.091
41.000000	3.621656E+0	7.083692E-1	236.061
42.000000	3.617383E+0	7.040964E-1	236.091
43.000000	3.615247E+0	7.024178E-1	236.030
44.000000	3.609295E+0	7.011970E-1	236.061
45.000000	3.606548E+0	6.978398E-1	236.061
46.000000	3.607159E+0	6.944826E-1	236.091
47.000000	3.593120E+0	6.921936E-1	236.030
48.000000	3.586863E+0	6.889890E-1	236.030
49.000000	3.578775E+0	6.857844E-1	236.061
50.000000	3.570687E+0	6.836480E-1	236.030
51.000000	3.558785E+0	6.796804E-1	236.000
52.000000	3.547645E+0	6.763232E-1	236.030
53.000000	3.537726E+0	6.734238E-1	236.030
54.000000	3.521855E+0	6.696088E-1	236.000
55.000000	3.519719E+0	6.676250E-1	236.000
56.000000	3.507358E+0	6.639626E-1	236.000
57.000000	3.491183E+0	6.603002E-1	236.000
58.000000	3.487978E+0	6.581638E-1	235.969
59.000000	3.474397E+0	6.546540E-1	235.969
60.000000	3.462494E+0	6.529754E-1	235.969
61.000000	3.450439E+0	6.485500E-1	236.000
62.000000	3.442656E+0	6.453454E-1	235.969
63.000000	3.431516E+0	6.415304E-1	235.969
64.000000	3.422208E+0	6.413778E-1	235.939
65.000000	3.413967E+0	6.380206E-1	235.969
66.000000	3.400996E+0	6.357316E-1	235.939
67.000000	3.390314E+0	6.329848E-1	235.908
68.000000	3.386957E+0	6.303906E-1	235.908
69.000000	3.372765E+0	6.281016E-1	235.969
70.000000	3.362236E+0	6.268808E-1	235.969
71.000000	3.351706E+0	6.233710E-1	235.969
72.000000	3.343619E+0	6.209294E-1	235.908
73.000000	3.332021E+0	6.201664E-1	235.908
74.000000	3.320729E+0	6.169618E-1	235.939
75.000000	3.310504E+0	6.136046E-1	235.969
76.000000	3.298296E+0	6.117734E-1	235.878
77.000000	3.286088E+0	6.085688E-1	235.878
78.000000	3.273575E+0	6.071954E-1	235.847
79.000000	3.269760E+0	6.044486E-1	235.878
80.000000	3.255568E+0	6.017018E-1	235.847
81.000000	3.238935E+0	6.000232E-1	235.847
82.000000	3.230542E+0	5.977342E-1	235.847
83.000000	3.217418E+0	5.949874E-1	235.878
84.000000	3.203990E+0	5.930036E-1	235.878
85.000000	3.193155E+0	5.887308E-1	235.878
86.000000	3.177285E+0	5.867470E-1	235.817
87.000000	3.161872E+0	5.833898E-1	235.847
88.000000	3.150274E+0	5.814060E-1	235.847
89.000000	3.135167E+0	5.763702E-1	235.847
90.000000	3.122654E+0	5.745390E-1	235.847
91.000000	3.105257E+0	5.724026E-1	235.847
92.000000	3.087708E+0	5.681298E-1	235.847
93.000000	3.074890E+0	5.656882E-1	235.878
94.000000	3.061461E+0	5.632466E-1	235.847
95.000000	3.044828E+0	5.601946E-1	235.847
96.000000	3.028194E+0	5.569900E-1	235.817
97.000000	3.014003E+0	5.540906E-1	235.786
98.000000	2.993859E+0	5.505808E-1	235.817
99.000000	2.983177E+0	5.473762E-1	235.786
100.000000	2.971580E+0	5.458502E-1	235.755
101.000000	2.947469E+0	5.421878E-1	235.725
102.000000	2.937092E+0	5.388306E-1	235.725
103.000000	2.920917E+0	5.357786E-1	235.725
104.000000	2.898942E+0	5.328792E-1	235.755
105.000000	2.892838E+0	5.307428E-1	235.755
106.000000	2.870101E+0	5.275382E-1	235.755
107.000000	2.855909E+0	5.250966E-1	235.725
108.000000	2.840954E+0	5.221972E-1	235.725
109.000000	2.822337E+0	5.183822E-1	235.725
110.000000	2.808450E+0	5.159406E-1	235.694
111.000000	2.781745E+0	5.127360E-1	235.755
112.000000	2.757329E+0	5.084632E-1	235.694
113.000000	2.738560E+0	5.049534E-1	235.664
114.000000	2.721621E+0	5.023592E-1	235.694
115.000000	2.706056E+0	4.985442E-1	235.725
116.000000	2.689728E+0	4.959500E-1	235.694
117.000000	2.678893E+0	4.928980E-1	235.694
118.000000	2.663328E+0	4.918298E-1	235.664
119.000000	2.648373E+0	4.895408E-1	235.694
120.000000	2.629298E+0	4.858784E-1	235.664
121.000000	2.600304E+0	4.822160E-1	235.694
122.000000	2.581382E+0	4.785536E-1	235.664
123.000000	2.562001E+0	4.753490E-1	235.664
124.000000	2.545368E+0	4.732126E-1	235.694
125.000000	2.531329E+0	4.693976E-1	235.664
126.000000	2.516679E+0	4.687872E-1	235.603
127.000000	2.500504E+0	4.645144E-1	235.603
128.000000	2.487838E+0	4.631410E-1	235.603
129.000000	2.471510E+0	4.613098E-1	235.603
130.000000	2.458691E+0	4.582578E-1	235.603
131.000000	2.436564E+0	4.542902E-1	235.633
132.000000	2.416268E+0	4.520012E-1	235.542
133.000000	2.400093E+0	4.494070E-1	235.542
134.000000	2.381476E+0	4.462024E-1	235.664
135.000000	2.365453E+0	4.440660E-1	235.603
136.000000	2.345309E+0	4.394880E-1	235.603
137.000000	2.327760E+0	4.385724E-1	235.572
138.000000	2.306244E+0	4.352152E-1	235.542
139.000000	2.289610E+0	4.321632E-1	235.542
140.000000	2.269315E+0	4.286534E-1	235.603
141.000000	2.251003E+0	4.272800E-1	235.572
142.000000	2.232538E+0	4.228546E-1	235.542
143.000000	2.219414E+0	4.207182E-1	235.511
144.000000	2.194998E+0	4.181240E-1	235.511
145.000000	2.178365E+0	4.144616E-1	235.542
146.000000	2.161121E+0	4.117148E-1	235.542
147.000000	2.139452E+0	4.094258E-1	235.542
148.000000	2.124650E+0	4.063738E-1	235.511
149.000000	2.107253E+0	4.040848E-1	235.511
150.000000	2.089857E+0	4.007276E-1	235.511
151.000000	2.073071E+0	3.981334E-1	235.481
