Sunday, December 02, 2007 03:14:57 PM
1.000000	1.617560E-2	1.155335E+0	216.742
2.000000	3.174080E-2	1.806631E+0	216.712
3.000000	3.631880E-2	1.922302E+0	216.773
4.000000	4.227020E-2	1.976170E+0	216.742
5.000000	4.043900E-2	2.016914E+0	216.742
6.000000	4.379620E-2	2.028359E+0	216.742
7.000000	4.852680E-2	2.036294E+0	216.742
8.000000	4.440660E-2	2.037515E+0	216.712
9.000000	4.837420E-2	2.041788E+0	216.712
10.000000	4.990020E-2	2.043772E+0	216.681
11.000000	4.913720E-2	2.039804E+0	216.742
12.000000	5.447820E-2	2.040109E+0	216.681
13.000000	5.035800E-2	2.038126E+0	216.712
14.000000	5.203660E-2	2.035531E+0	216.651
15.000000	5.356260E-2	2.033853E+0	216.681
16.000000	5.707240E-2	2.032022E+0	216.681
17.000000	5.508860E-2	2.026833E+0	216.681
18.000000	5.615680E-2	2.012947E+0	216.681
19.000000	5.691980E-2	2.018593E+0	216.681
20.000000	5.981920E-2	2.016151E+0	216.712
21.000000	6.042960E-2	2.012336E+0	216.651
22.000000	6.058220E-2	2.010963E+0	216.651
23.000000	6.134520E-2	2.000586E+0	216.651
24.000000	6.119260E-2	1.994482E+0	216.651
25.000000	6.058220E-2	1.976170E+0	216.590
26.000000	6.470240E-2	1.981816E+0	216.681
27.000000	6.042960E-2	1.971592E+0	216.620
28.000000	6.149780E-2	1.970371E+0	216.620
29.000000	6.012440E-2	1.967472E+0	216.620
30.000000	5.829320E-2	1.958926E+0	216.590
31.000000	5.890360E-2	1.953890E+0	216.651
32.000000	5.691980E-2	1.946566E+0	216.651
33.000000	5.615680E-2	1.937104E+0	216.590
34.000000	5.447820E-2	1.925049E+0	216.620
35.000000	5.264700E-2	1.909636E+0	216.620
36.000000	5.142620E-2	1.904448E+0	216.559
37.000000	5.371520E-2	1.889341E+0	216.559
38.000000	5.279960E-2	1.868129E+0	216.559
39.000000	4.806900E-2	1.830437E+0	216.620
40.000000	4.669560E-2	1.795949E+0	216.620
41.000000	5.157880E-2	1.811972E+0	216.559
42.000000	5.859840E-2	1.810904E+0	216.529
43.000000	6.714400E-2	1.810446E+0	216.559
44.000000	6.104000E-2	1.789693E+0	216.559
45.000000	6.348160E-2	1.759783E+0	216.559
46.000000	5.829320E-2	1.795949E+0	216.590
47.000000	5.920880E-2	1.838830E+0	216.590
48.000000	8.133580E-2	1.767718E+0	216.559
49.000000	8.621900E-2	1.751543E+0	216.559
50.000000	9.110220E-2	1.755510E+0	216.559
51.000000	9.278080E-2	1.756426E+0	216.529
52.000000	9.430680E-2	1.749406E+0	216.529
53.000000	9.476460E-2	1.741929E+0	216.529
54.000000	9.461200E-2	1.743913E+0	216.498
55.000000	9.705360E-2	1.723007E+0	216.559
56.000000	9.873220E-2	1.717360E+0	216.498
57.000000	9.751140E-2	1.706678E+0	216.559
58.000000	9.873220E-2	1.697370E+0	216.529
59.000000	1.011738E-1	1.689282E+0	216.498
60.000000	9.964780E-2	1.681347E+0	216.498
61.000000	1.016316E-1	1.674480E+0	216.468
62.000000	1.019368E-1	1.667308E+0	216.498
63.000000	9.857960E-2	1.661204E+0	216.468
64.000000	1.028524E-1	1.652200E+0	216.468
65.000000	9.903740E-2	1.642129E+0	216.437
66.000000	1.043784E-1	1.638924E+0	216.437
67.000000	1.025472E-1	1.628700E+0	216.437
68.000000	1.007160E-1	1.617865E+0	216.468
69.000000	1.040732E-1	1.610388E+0	216.468
70.000000	1.010212E-1	1.596654E+0	216.468
71.000000	1.040732E-1	1.586124E+0	216.498
72.000000	9.781660E-2	1.574527E+0	216.468
73.000000	1.022420E-1	1.560640E+0	216.437
74.000000	9.903740E-2	1.552400E+0	216.376
75.000000	9.857960E-2	1.539276E+0	216.437
76.000000	9.705360E-2	1.529510E+0	216.437
77.000000	1.008686E-1	1.516997E+0	216.437
78.000000	9.857960E-2	1.503873E+0	216.407
79.000000	9.888480E-2	1.496701E+0	216.407
80.000000	9.781660E-2	1.483119E+0	216.407
81.000000	9.690100E-2	1.478084E+0	216.407
82.000000	9.583280E-2	1.468012E+0	216.437
83.000000	9.033920E-2	1.458093E+0	216.376
84.000000	9.857960E-2	1.448479E+0	216.407
85.000000	9.812180E-2	1.441002E+0	216.376
86.000000	9.903740E-2	1.436424E+0	216.315
87.000000	9.781660E-2	1.425742E+0	216.407
88.000000	9.293340E-2	1.419333E+0	216.376
89.000000	9.552760E-2	1.416891E+0	216.315
90.000000	9.491720E-2	1.410329E+0	216.346
91.000000	9.705360E-2	1.402699E+0	216.346
92.000000	9.415420E-2	1.395069E+0	216.376
93.000000	9.659580E-2	1.388507E+0	216.376
94.000000	9.445940E-2	1.377825E+0	216.315
95.000000	9.491720E-2	1.368212E+0	216.346
96.000000	9.400160E-2	1.361192E+0	216.346
97.000000	9.506980E-2	1.348374E+0	216.315
98.000000	9.293340E-2	1.342727E+0	216.315
99.000000	9.522240E-2	1.338455E+0	216.315
100.000000	9.445940E-2	1.332045E+0	216.285
101.000000	9.201780E-2	1.318617E+0	216.285
102.000000	9.354380E-2	1.307172E+0	216.315
103.000000	9.171260E-2	1.299694E+0	216.285
104.000000	9.522240E-2	1.290233E+0	216.315
105.000000	8.805020E-2	1.283976E+0	216.285
106.000000	9.262820E-2	1.277567E+0	216.285
107.000000	8.789760E-2	1.268259E+0	216.285
108.000000	8.850800E-2	1.262002E+0	216.315
109.000000	9.079700E-2	1.258797E+0	216.315
110.000000	8.682940E-2	1.252236E+0	216.285
111.000000	8.728720E-2	1.248268E+0	216.285
112.000000	8.560860E-2	1.242622E+0	216.254
113.000000	8.927100E-2	1.238044E+0	216.254
114.000000	8.743980E-2	1.232703E+0	216.254
115.000000	8.835540E-2	1.226751E+0	216.254
116.000000	8.469300E-2	1.220953E+0	216.254
117.000000	8.515080E-2	1.208287E+0	216.254
118.000000	8.301440E-2	1.200199E+0	216.224
119.000000	8.393000E-2	1.192874E+0	216.224
120.000000	8.270920E-2	1.181734E+0	216.224
121.000000	8.118320E-2	1.177309E+0	216.224
122.000000	8.194620E-2	1.169069E+0	216.254
123.000000	7.568960E-2	1.157471E+0	216.254
124.000000	7.904680E-2	1.149841E+0	216.193
125.000000	7.462140E-2	1.137786E+0	216.193
126.000000	7.614740E-2	1.129545E+0	216.193
127.000000	7.172200E-2	1.117185E+0	216.193
128.000000	7.446880E-2	1.109707E+0	216.224
129.000000	6.805960E-2	1.099483E+0	216.193
130.000000	7.294280E-2	1.092616E+0	216.193
131.000000	6.531280E-2	1.082087E+0	216.193
132.000000	6.897520E-2	1.074762E+0	216.193
133.000000	6.958560E-2	1.069268E+0	216.163
134.000000	6.699140E-2	1.063775E+0	216.132
135.000000	6.729660E-2	1.060570E+0	216.163
136.000000	6.332900E-2	1.055687E+0	216.193
137.000000	6.744920E-2	1.050651E+0	216.132
138.000000	6.256600E-2	1.050193E+0	216.132
139.000000	6.363420E-2	1.046683E+0	216.132
140.000000	6.241340E-2	1.047752E+0	216.193
141.000000	6.424460E-2	1.041648E+0	216.163
142.000000	6.653360E-2	1.037985E+0	216.132
143.000000	6.638100E-2	1.036764E+0	216.132
144.000000	6.210820E-2	1.030813E+0	216.163
145.000000	6.424460E-2	1.028219E+0	216.132
146.000000	6.317640E-2	1.022573E+0	216.132
147.000000	6.042960E-2	1.017537E+0	216.132
148.000000	6.470240E-2	1.002582E+0	216.132
149.000000	5.905620E-2	1.005329E+0	216.102
150.000000	6.332900E-2	1.001514E+0	216.132
151.000000	5.829320E-2	9.925104E-1	216.071
152.000000	5.508860E-2	9.833544E-1	216.132
153.000000	5.539380E-2	9.738932E-1	216.071
154.000000	5.447820E-2	9.619904E-1	216.071
155.000000	5.447820E-2	9.482564E-1	216.071
156.000000	5.066320E-2	9.310126E-1	216.071
157.000000	5.035800E-2	9.172786E-1	216.071
158.000000	4.486440E-2	8.940834E-1	216.071
159.000000	4.059160E-2	8.737876E-1	216.041
160.000000	3.967600E-2	8.568490E-1	216.071
161.000000	3.647140E-2	8.359428E-1	216.041
162.000000	3.402980E-2	8.261764E-1	216.041
163.000000	2.853620E-2	8.110690E-1	216.071
164.000000	2.731540E-2	7.932148E-1	216.071
165.000000	2.563680E-2	7.854322E-1	216.071
166.000000	2.273740E-2	7.687988E-1	216.041
167.000000	1.663340E-2	7.559804E-1	216.071
168.000000	1.938020E-2	7.460614E-1	216.071
169.000000	1.571780E-2	7.356846E-1	216.010
170.000000	1.663340E-2	7.294280E-1	216.010
171.000000	1.388660E-2	7.149310E-1	216.010
172.000000	1.236060E-2	7.051646E-1	215.979
173.000000	1.587040E-2	6.944826E-1	216.041
174.000000	1.144500E-2	6.773914E-1	216.010
175.000000	1.175020E-2	6.703718E-1	216.010
176.000000	7.935200E-3	6.555696E-1	216.010
177.000000	9.766400E-3	6.406148E-1	216.010
178.000000	6.714400E-3	6.337478E-1	215.949
179.000000	6.409200E-3	6.232184E-1	215.949
180.000000	7.935200E-3	6.128416E-1	215.979
181.000000	6.104000E-3	6.003284E-1	215.979
182.000000	6.104000E-3	5.922406E-1	215.979
183.000000	5.646200E-3	5.789644E-1	215.918
184.000000	4.272800E-3	5.601946E-1	216.010
185.000000	1.983800E-3	5.342526E-1	215.918
186.000000	4.425400E-3	4.652774E-1	215.979
187.000000	1.526000E-4	4.452868E-1	215.949
188.000000	1.373400E-3	4.600890E-1	215.949
189.000000	6.104000E-4	4.982390E-1	215.888
190.000000	6.256600E-3	5.351682E-1	215.949
191.000000	7.019600E-3	5.560744E-1	215.918
192.000000	1.098720E-2	5.638570E-1	215.888
193.000000	1.236060E-2	5.598894E-1	215.888
194.000000	8.698200E-3	5.260122E-1	215.918
195.000000	1.144500E-2	4.799270E-1	215.888
196.000000	1.327620E-2	4.451342E-1	215.888
197.000000	5.951400E-3	4.338418E-1	215.888
198.000000	8.393000E-3	4.315528E-1	215.888
199.000000	8.698200E-3	3.779902E-1	215.888
200.000000	2.319520E-2	2.940602E-1	215.857
201.000000	3.418240E-2	2.510270E-1	215.857
202.000000	4.822160E-2	2.380560E-1	215.888
203.000000	5.905620E-2	2.346988E-1	215.857
204.000000	6.378680E-2	2.333254E-1	215.827
205.000000	6.561800E-2	2.319520E-1	215.827
206.000000	6.973820E-2	2.319520E-1	215.857
207.000000	7.126420E-2	2.266110E-1	215.827
208.000000	7.568960E-2	2.281370E-1	215.857
209.000000	7.752080E-2	2.258480E-1	215.827
210.000000	7.645260E-2	2.263058E-1	215.827
211.000000	7.980980E-2	2.272214E-1	215.796
212.000000	7.828380E-2	2.252376E-1	215.827
213.000000	7.828380E-2	2.232538E-1	215.827
214.000000	8.286180E-2	2.237116E-1	215.827
215.000000	8.316700E-2	2.185232E-1	215.827
216.000000	8.377740E-2	2.182180E-1	215.766
217.000000	8.805020E-2	2.173024E-1	215.766
218.000000	8.499820E-2	2.177602E-1	215.735
219.000000	9.018660E-2	2.183706E-1	215.796
220.000000	8.469300E-2	2.142504E-1	215.766
221.000000	8.698200E-2	2.157764E-1	215.766
222.000000	8.927100E-2	2.156238E-1	215.735
223.000000	8.560860E-2	2.121140E-1	215.735
224.000000	8.942360E-2	2.104354E-1	215.766
225.000000	8.774500E-2	2.081464E-1	215.766
226.000000	9.003400E-2	2.148608E-1	215.766
227.000000	8.972880E-2	2.090620E-1	215.766
228.000000	8.881320E-2	2.087568E-1	215.766
229.000000	8.789760E-2	2.087568E-1	215.796
230.000000	8.972880E-2	2.044840E-1	215.766
231.000000	9.064440E-2	2.069256E-1	215.674
232.000000	8.942360E-2	2.018898E-1	215.735
233.000000	8.789760E-2	2.014320E-1	215.735
234.000000	8.866060E-2	2.000586E-1	215.705
235.000000	8.621900E-2	2.000586E-1	215.674
236.000000	8.988140E-2	2.008216E-1	215.705
237.000000	8.728720E-2	1.996008E-1	215.735
238.000000	8.545600E-2	2.023476E-1	215.735
239.000000	8.972880E-2	1.989904E-1	215.705
240.000000	8.301440E-2	1.918182E-1	215.705
241.000000	8.698200E-2	1.951754E-1	215.705
242.000000	8.118320E-2	1.925812E-1	215.674
243.000000	8.637160E-2	1.934968E-1	215.674
244.000000	8.118320E-2	1.938020E-1	215.644
245.000000	8.347220E-2	1.951754E-1	215.644
246.000000	8.423520E-2	1.892240E-1	215.674
247.000000	8.148840E-2	1.892240E-1	215.705
248.000000	8.301440E-2	1.907500E-1	215.674
0.000000	0.000000E+0	0.000000E+0	0.000
0.000000	0.000000E+0	0.000000E+0	0.000
