Friday, November 30, 2007 08:24:11 PM
1.000000	-2.441600E-3	4.883200E-3	280.374
2.000000	1.526000E-3	1.556520E-2	280.404
3.000000	6.714400E-3	2.090620E-2	280.404
4.000000	8.545600E-3	2.365300E-2	280.404
5.000000	5.341000E-3	2.548420E-2	280.343
6.000000	7.324800E-3	2.655240E-2	280.374
7.000000	7.324800E-3	2.777320E-2	280.374
8.000000	7.782600E-3	2.899400E-2	280.343
9.000000	1.236060E-2	2.990960E-2	280.374
10.000000	1.007160E-2	3.143560E-2	280.343
11.000000	9.766400E-3	3.296160E-2	280.313
12.000000	1.236060E-2	3.433500E-2	280.313
13.000000	1.251320E-2	3.570840E-2	280.282
14.000000	1.434440E-2	3.647140E-2	280.282
15.000000	1.297100E-2	3.784480E-2	280.282
16.000000	1.464960E-2	3.891300E-2	280.251
17.000000	1.510740E-2	4.028640E-2	280.282
18.000000	1.968540E-2	4.303320E-2	280.282
19.000000	1.693860E-2	4.333840E-2	280.251
20.000000	1.861720E-2	4.440660E-2	280.251
21.000000	2.105880E-2	4.608520E-2	280.221
22.000000	1.922760E-2	4.730600E-2	280.282
23.000000	2.060100E-2	4.867940E-2	280.251
24.000000	2.227960E-2	5.005280E-2	280.221
25.000000	2.227960E-2	5.142620E-2	280.221
26.000000	2.395820E-2	5.356260E-2	280.190
27.000000	2.456860E-2	5.417300E-2	280.190
28.000000	2.639980E-2	5.524120E-2	280.190
29.000000	2.807840E-2	5.707240E-2	280.160
30.000000	2.670500E-2	5.844580E-2	280.221
31.000000	2.929920E-2	5.859840E-2	280.221
32.000000	3.128300E-2	6.073480E-2	280.160
33.000000	3.097780E-2	6.226080E-2	280.190
34.000000	3.326680E-2	6.287120E-2	280.190
35.000000	3.479280E-2	6.500760E-2	280.160
36.000000	3.296160E-2	6.561800E-2	280.129
37.000000	3.479280E-2	6.668620E-2	280.160
38.000000	3.647140E-2	6.867000E-2	280.099
39.000000	3.708180E-2	7.004340E-2	280.160
40.000000	4.181240E-2	7.141680E-2	280.160
41.000000	4.028640E-2	7.187460E-2	280.129
42.000000	4.379620E-2	7.340060E-2	280.099
43.000000	4.516960E-2	7.416360E-2	280.099
44.000000	4.669560E-2	7.568960E-2	280.099
45.000000	4.715340E-2	7.752080E-2	280.038
46.000000	4.852680E-2	7.813120E-2	280.099
47.000000	5.051060E-2	7.935200E-2	280.099
48.000000	5.096840E-2	8.057280E-2	280.068
49.000000	5.279960E-2	8.118320E-2	280.068
50.000000	5.386780E-2	8.240400E-2	280.038
51.000000	5.432560E-2	8.362480E-2	280.038
52.000000	5.783540E-2	8.515080E-2	280.038
53.000000	5.798800E-2	8.621900E-2	280.068
54.000000	5.722500E-2	8.743980E-2	280.038
55.000000	6.042960E-2	8.881320E-2	280.038
56.000000	6.378680E-2	8.972880E-2	280.038
57.000000	6.546540E-2	9.156000E-2	279.977
58.000000	6.668620E-2	9.293340E-2	280.007
59.000000	6.775440E-2	9.415420E-2	280.038
60.000000	6.790700E-2	9.491720E-2	279.977
61.000000	6.912780E-2	9.613800E-2	279.946
62.000000	6.973820E-2	9.751140E-2	279.946
63.000000	7.065380E-2	9.827440E-2	280.038
64.000000	7.507920E-2	9.949520E-2	280.007
65.000000	7.446880E-2	1.010212E-1	279.977
66.000000	7.721560E-2	1.017842E-1	280.007
67.000000	7.736820E-2	1.026998E-1	279.946
68.000000	7.706300E-2	1.039206E-1	279.916
69.000000	7.813120E-2	1.043784E-1	279.916
70.000000	7.935200E-2	1.054466E-1	279.946
71.000000	7.752080E-2	1.059044E-1	279.885
72.000000	7.706300E-2	1.068200E-1	279.916
73.000000	8.042020E-2	1.072778E-1	279.855
74.000000	8.148840E-2	1.077356E-1	279.885
75.000000	7.385840E-2	1.078882E-1	279.885
76.000000	6.867000E-2	1.084986E-1	279.885
77.000000	7.217980E-2	1.086512E-1	279.885
78.000000	7.294280E-2	1.091090E-1	279.885
79.000000	7.355320E-2	1.097194E-1	279.855
80.000000	7.401100E-2	1.103298E-1	279.855
81.000000	7.462140E-2	1.104824E-1	279.855
82.000000	7.797860E-2	1.112454E-1	279.824
83.000000	7.736820E-2	1.109402E-1	279.855
84.000000	7.721560E-2	1.115506E-1	279.794
85.000000	7.904680E-2	1.123136E-1	279.794
86.000000	7.965720E-2	1.123136E-1	279.763
87.000000	8.377740E-2	1.127714E-1	279.763
88.000000	8.164100E-2	1.135344E-1	279.794
89.000000	8.423520E-2	1.141448E-1	279.763
90.000000	8.515080E-2	1.142974E-1	279.733
91.000000	8.438780E-2	1.149078E-1	279.794
92.000000	8.774500E-2	1.150604E-1	279.763
93.000000	8.789760E-2	1.155182E-1	279.763
94.000000	9.003400E-2	1.159760E-1	279.763
95.000000	8.850800E-2	1.164338E-1	279.763
96.000000	9.156000E-2	1.165864E-1	279.733
97.000000	9.110220E-2	1.170442E-1	279.702
98.000000	9.430680E-2	1.176546E-1	279.702
99.000000	9.522240E-2	1.179598E-1	279.702
100.000000	9.461200E-2	1.181124E-1	279.702
101.000000	9.766400E-2	1.184176E-1	279.672
102.000000	9.720620E-2	1.185702E-1	279.672
103.000000	9.796920E-2	1.182650E-1	279.611
104.000000	9.934260E-2	1.184176E-1	279.733
105.000000	1.004108E-1	1.182650E-1	279.702
106.000000	9.857960E-2	1.176546E-1	279.702
107.000000	1.017842E-1	1.171968E-1	279.672
108.000000	9.995300E-2	1.165864E-1	279.641
109.000000	1.019368E-1	1.164338E-1	279.641
110.000000	1.043784E-1	1.164338E-1	279.641
111.000000	1.022420E-1	1.155182E-1	279.641
112.000000	1.011738E-1	1.146026E-1	279.641
113.000000	1.020894E-1	1.141448E-1	279.611
114.000000	1.033102E-1	1.130766E-1	279.611
115.000000	1.008686E-1	1.120084E-1	279.611
116.000000	1.019368E-1	1.109402E-1	279.580
117.000000	1.005634E-1	1.097194E-1	279.550
118.000000	1.013264E-1	1.081934E-1	279.580
119.000000	1.016316E-1	1.069726E-1	279.580
120.000000	1.005634E-1	1.062096E-1	279.550
121.000000	1.019368E-1	1.054466E-1	279.611
122.000000	1.022420E-1	1.043784E-1	279.550
123.000000	9.751140E-2	1.033102E-1	279.550
124.000000	1.010212E-1	1.026998E-1	279.519
125.000000	1.005634E-1	1.028524E-1	279.550
126.000000	1.014790E-1	1.017842E-1	279.550
127.000000	1.014790E-1	1.017842E-1	279.550
128.000000	1.004108E-1	1.011738E-1	279.519
129.000000	1.008686E-1	1.013264E-1	279.519
130.000000	1.014790E-1	1.016316E-1	279.519
131.000000	1.022420E-1	1.016316E-1	279.519
132.000000	1.046836E-1	1.017842E-1	279.489
133.000000	1.045310E-1	1.017842E-1	279.489
134.000000	1.057518E-1	1.020894E-1	279.489
135.000000	1.051414E-1	1.017842E-1	279.458
136.000000	1.046836E-1	1.017842E-1	279.458
137.000000	1.059044E-1	1.016316E-1	279.458
138.000000	1.066674E-1	1.013264E-1	279.458
139.000000	1.059044E-1	1.008686E-1	279.427
140.000000	1.081934E-1	1.007160E-1	279.427
141.000000	1.075830E-1	9.964780E-2	279.427
142.000000	1.069726E-1	9.949520E-2	279.397
143.000000	1.068200E-1	9.919000E-2	279.397
144.000000	1.048362E-1	9.781660E-2	279.366
145.000000	1.063622E-1	9.659580E-2	279.397
146.000000	1.042258E-1	9.583280E-2	279.397
147.000000	1.057518E-1	9.476460E-2	279.366
148.000000	1.046836E-1	9.369640E-2	279.366
149.000000	1.039206E-1	9.247560E-2	279.397
150.000000	1.034628E-1	9.186520E-2	279.366
151.000000	1.020894E-1	9.079700E-2	279.366
152.000000	1.010212E-1	8.866060E-2	279.366
153.000000	1.011738E-1	8.789760E-2	279.366
154.000000	9.903740E-2	8.698200E-2	279.305
155.000000	9.827440E-2	8.591380E-2	279.336
156.000000	9.537500E-2	8.469300E-2	279.305
157.000000	9.705360E-2	8.393000E-2	279.336
158.000000	9.705360E-2	8.225140E-2	279.336
159.000000	9.568020E-2	8.148840E-2	279.336
160.000000	9.278080E-2	8.057280E-2	279.305
161.000000	9.308600E-2	7.919940E-2	279.275
162.000000	9.308600E-2	7.813120E-2	279.214
163.000000	9.293340E-2	7.752080E-2	279.275
164.000000	9.125480E-2	7.675780E-2	279.244
165.000000	8.911840E-2	7.553700E-2	279.275
166.000000	9.125480E-2	7.507920E-2	279.275
167.000000	8.881320E-2	7.431620E-2	279.183
168.000000	8.835540E-2	7.385840E-2	279.214
169.000000	8.988140E-2	7.340060E-2	279.244
170.000000	8.866060E-2	7.279020E-2	279.214
171.000000	8.774500E-2	7.202720E-2	279.183
172.000000	8.820280E-2	7.111160E-2	279.214
173.000000	8.621900E-2	7.004340E-2	279.183
174.000000	8.377740E-2	6.958560E-2	279.183
175.000000	8.301440E-2	6.851740E-2	279.153
176.000000	8.515080E-2	6.836480E-2	279.183
177.000000	8.484560E-2	6.729660E-2	279.214
178.000000	8.286180E-2	6.577060E-2	279.122
179.000000	8.301440E-2	6.485500E-2	279.122
180.000000	7.965720E-2	6.378680E-2	279.153
181.000000	7.843640E-2	6.302380E-2	279.122
182.000000	8.011500E-2	6.210820E-2	279.122
183.000000	7.996240E-2	6.104000E-2	279.061
184.000000	7.736820E-2	6.012440E-2	279.122
185.000000	7.477400E-2	5.905620E-2	279.092
186.000000	7.477400E-2	5.829320E-2	279.092
187.000000	7.385840E-2	5.737760E-2	279.092
188.000000	7.370580E-2	5.646200E-2	279.092
189.000000	7.141680E-2	5.539380E-2	279.092
190.000000	7.172200E-2	5.417300E-2	279.061
191.000000	7.217980E-2	5.386780E-2	279.061
192.000000	6.851740E-2	5.249440E-2	279.092
193.000000	6.912780E-2	5.142620E-2	279.000
194.000000	6.592320E-2	5.005280E-2	279.061
195.000000	6.546540E-2	4.959500E-2	279.061
196.000000	6.744920E-2	4.883200E-2	279.061
197.000000	6.546540E-2	4.837420E-2	278.970
198.000000	6.363420E-2	4.745860E-2	279.031
199.000000	6.409200E-2	4.700080E-2	279.000
200.000000	6.134520E-2	4.608520E-2	279.000
201.000000	6.119260E-2	4.562740E-2	279.000
