Friday, November 30, 2007 08:19:06 PM
0.949623	5.035800E-2	4.425400E-3	281.381
0.951941	2.232538E-1	5.951400E-3	281.381
0.954212	3.348044E-1	1.113980E-2	281.320
0.956421	3.773798E-1	1.724380E-2	281.320
0.958630	4.024062E-1	2.151660E-2	281.320
0.960777	4.256014E-1	2.411080E-2	281.320
0.962986	4.474232E-1	2.609460E-2	281.320
0.965164	4.684820E-1	2.762060E-2	281.320
0.967311	4.899986E-1	2.868880E-2	281.320
0.969505	5.125834E-1	2.990960E-2	281.320
0.971328	5.185348E-1	3.052000E-2	281.320
0.973784	5.542432E-1	3.158820E-2	281.320
0.975947	5.733182E-1	3.296160E-2	281.350
0.978094	5.949874E-1	3.433500E-2	281.350
0.980288	6.163514E-1	3.540320E-2	281.350
0.982296	6.300854E-1	3.692920E-2	281.350
0.984567	6.633522E-1	3.815000E-2	281.350
0.986652	6.761706E-1	3.906560E-2	281.350
0.988877	7.080640E-1	4.074420E-2	281.350
0.990901	7.201194E-1	4.211760E-2	281.350
0.993187	7.546070E-1	4.333840E-2	281.350
0.995241	7.686462E-1	4.471180E-2	281.350
0.997435	7.927570E-1	4.547480E-2	281.350
0.999582	8.165626E-1	4.715340E-2	281.320
1.001745	8.403682E-1	4.852680E-2	281.320
1.003954	8.655472E-1	4.974760E-2	281.320
1.005962	8.864534E-1	5.112100E-2	281.320
1.008264	9.223144E-1	5.279960E-2	281.320
1.010303	9.343698E-1	5.386780E-2	281.320
1.012512	9.590910E-1	5.524120E-2	281.320
1.014629	9.798446E-1	5.630940E-2	281.320
1.016760	1.003040E+0	5.768280E-2	281.320
1.018954	1.026540E+0	5.859840E-2	281.320
1.021148	1.050956E+0	6.027700E-2	281.320
1.023156	1.070642E+0	6.165040E-2	281.320
1.025489	1.103451E+0	6.332900E-2	281.320
1.027327	1.112454E+0	6.409200E-2	281.320
1.029752	1.152435E+0	6.561800E-2	281.320
1.031776	1.163575E+0	6.714400E-2	281.320
1.034062	1.196079E+0	6.851740E-2	281.320
1.036086	1.208592E+0	6.943300E-2	281.320
1.038357	1.242011E+0	7.126420E-2	281.320
1.040411	1.255288E+0	7.248500E-2	281.320
1.042590	1.277109E+0	7.355320E-2	281.320
1.044737	1.299542E+0	7.446880E-2	281.320
1.046930	1.321363E+0	7.568960E-2	281.320
1.049016	1.338912E+0	7.691040E-2	281.320
1.051256	1.364091E+0	7.797860E-2	281.320
1.053326	1.381183E+0	7.889420E-2	281.320
1.055458	1.400258E+0	7.996240E-2	281.320
1.057667	1.420859E+0	8.133580E-2	281.320
1.059706	1.439171E+0	8.255660E-2	281.320
1.062023	1.471827E+0	8.377740E-2	281.320
1.064047	1.483272E+0	8.499820E-2	281.320
1.066271	1.507078E+0	8.606640E-2	281.320
1.068357	1.523711E+0	8.728720E-2	281.320
1.070550	1.544465E+0	8.850800E-2	281.320
1.072713	1.566744E+0	9.003400E-2	281.320
1.074860	1.589787E+0	9.125480E-2	281.320
1.076977	1.606268E+0	9.278080E-2	281.320
1.079000	1.620459E+0	9.354380E-2	281.320
1.081364	1.648080E+0	9.522240E-2	281.320
1.083403	1.647164E+0	9.629060E-2	281.320
1.085612	1.654642E+0	9.735880E-2	281.320
1.087775	1.665934E+0	9.842700E-2	281.320
1.089876	1.678447E+0	9.980040E-2	281.320
1.092100	1.690655E+0	1.007160E-1	281.320
1.094124	1.694776E+0	1.017842E-1	281.320
1.096410	1.694623E+0	1.023946E-1	281.320
1.098434	1.696759E+0	1.037680E-1	281.320
1.100720	1.703169E+0	1.049888E-1	281.320
1.102806	1.685772E+0	1.055992E-1	281.320
1.104938	1.675853E+0	1.060570E-1	281.320
1.107100	1.694623E+0	1.069726E-1	281.320
1.109201	1.606573E+0	1.071252E-1	281.320
1.111410	1.480220E+0	1.078882E-1	281.320
1.113558	1.468775E+0	1.083460E-1	281.320
1.115643	1.469843E+0	1.084986E-1	281.320
1.117821	1.475337E+0	1.091090E-1	281.320
1.119999	1.481441E+0	1.094142E-1	281.320
1.122023	1.488308E+0	1.098720E-1	281.320
1.124356	1.500211E+0	1.104824E-1	281.320
1.126426	1.504026E+0	1.107876E-1	281.320
1.128635	1.511198E+0	1.110928E-1	281.320
1.130674	1.520049E+0	1.115506E-1	281.320
1.132960	1.533325E+0	1.121610E-1	281.320
1.134999	1.537292E+0	1.123136E-1	281.320
1.137224	1.550416E+0	1.127714E-1	281.320
1.139309	1.557436E+0	1.133818E-1	281.320
1.141534	1.565829E+0	1.138396E-1	281.320
1.143635	1.573916E+0	1.146026E-1	281.320
1.145720	1.580173E+0	1.146026E-1	281.320
1.148007	1.590702E+0	1.153656E-1	281.320
1.150015	1.595128E+0	1.156708E-1	281.320
1.152286	1.603063E+0	1.161286E-1	281.320
1.154340	1.612066E+0	1.162812E-1	281.320
1.156611	1.624732E+0	1.167390E-1	281.320
1.158635	1.630531E+0	1.175020E-1	281.320
1.160890	1.637856E+0	1.178072E-1	281.320
1.162914	1.644723E+0	1.179598E-1	281.320
1.165216	1.651285E+0	1.184176E-1	281.320
1.167270	1.654794E+0	1.190280E-1	281.320
1.169448	1.655100E+0	1.191806E-1	281.320
1.171596	1.657846E+0	1.193332E-1	281.320
1.173697	1.655100E+0	1.190280E-1	281.320
1.175906	1.653726E+0	1.187228E-1	281.320
1.177883	1.652658E+0	1.187228E-1	281.320
1.180262	1.647164E+0	1.181124E-1	281.320
1.182270	1.647470E+0	1.178072E-1	281.320
1.184557	1.646401E+0	1.173494E-1	281.320
1.186549	1.644112E+0	1.173494E-1	281.320
1.188882	1.635262E+0	1.168916E-1	281.289
1.190890	1.632820E+0	1.162812E-1	281.289
1.193084	1.620154E+0	1.158234E-1	281.289
1.195293	1.610846E+0	1.147552E-1	281.289
1.197363	1.597112E+0	1.138396E-1	281.289
1.199572	1.581699E+0	1.129240E-1	281.289
1.201627	1.569644E+0	1.118558E-1	281.289
1.203836	1.554994E+0	1.106350E-1	281.289
1.206029	1.542328E+0	1.094142E-1	281.289
1.208099	1.531188E+0	1.081934E-1	281.289
1.210231	1.517912E+0	1.072778E-1	281.289
1.212471	1.506467E+0	1.060570E-1	281.289
1.214464	1.499142E+0	1.054466E-1	281.289
1.216827	1.489834E+0	1.042258E-1	281.228
1.218882	1.488918E+0	1.034628E-1	281.228
1.221029	1.481136E+0	1.031576E-1	281.228
1.223115	1.484645E+0	1.022420E-1	281.228
1.225370	1.483272E+0	1.022420E-1	281.228
1.227301	1.483272E+0	1.017842E-1	281.228
1.229711	1.488003E+0	1.019368E-1	281.228
1.231750	1.487545E+0	1.020894E-1	281.228
1.234021	1.492581E+0	1.020894E-1	281.228
1.236029	1.496243E+0	1.022420E-1	281.228
1.238316	1.497616E+0	1.022420E-1	281.228
1.240308	1.496548E+0	1.022420E-1	281.228
1.242595	1.493496E+0	1.025472E-1	281.289
1.244649	1.492886E+0	1.022420E-1	281.289
1.246797	1.489071E+0	1.020894E-1	281.289
1.249021	1.486171E+0	1.020894E-1	281.289
1.251076	1.481288E+0	1.017842E-1	281.289
1.253300	1.472437E+0	1.013264E-1	281.289
1.255324	1.464350E+0	1.007160E-1	281.289
1.257672	1.447869E+0	9.995300E-2	281.289
1.259665	1.440544E+0	9.919000E-2	281.289
1.261951	1.420248E+0	9.857960E-2	281.289
1.263990	1.413076E+0	9.766400E-2	281.289
1.266261	1.390644E+0	9.644320E-2	281.289
1.268269	1.383472E+0	9.537500E-2	281.289
1.270556	1.359971E+0	9.430680E-2	281.289
1.272641	1.350815E+0	9.323860E-2	281.289
1.274742	1.334487E+0	9.217040E-2	281.289
1.277013	1.314496E+0	9.110220E-2	281.289
1.278975	1.303967E+0	8.957620E-2	281.289
1.281292	1.279246E+0	8.835540E-2	281.289
1.283362	1.270090E+0	8.759240E-2	281.289
1.285556	1.257729E+0	8.621900E-2	281.289
1.287626	1.244148E+0	8.545600E-2	281.289
1.289897	1.223242E+0	8.454040E-2	281.289
1.291874	1.213017E+0	8.331960E-2	281.289
1.294207	1.189975E+0	8.209880E-2	281.289
1.296277	1.181124E+0	8.148840E-2	281.289
1.298424	1.167237E+0	8.011500E-2	281.289
1.300571	1.153503E+0	7.904680E-2	281.289
1.302734	1.140380E+0	7.828380E-2	281.289
1.304897	1.128477E+0	7.767340E-2	281.289
1.307090	1.118863E+0	7.691040E-2	281.289
1.309160	1.107571E+0	7.584220E-2	281.289
1.311385	1.099025E+0	7.507920E-2	281.289
1.313424	1.090937E+0	7.446880E-2	281.289
1.315695	1.080866E+0	7.370580E-2	281.289
1.317718	1.069573E+0	7.324800E-2	281.289
1.319943	1.058739E+0	7.248500E-2	281.289
1.321936	1.048209E+0	7.202720E-2	281.198
1.324284	1.029134E+0	7.095900E-2	281.198
1.326369	1.021047E+0	6.989080E-2	281.198
1.328439	1.010822E+0	6.928040E-2	281.198
1.330756	9.912896E-1	6.851740E-2	281.198
1.332780	9.844226E-1	6.760180E-2	281.198
1.335005	9.668736E-1	6.668620E-2	281.198
1.336967	9.554286E-1	6.592320E-2	281.198
1.339361	9.325386E-1	6.454980E-2	281.198
1.341400	9.249086E-1	6.363420E-2	281.198
1.343640	9.046128E-1	6.271860E-2	281.198
1.345679	8.983562E-1	6.149780E-2	281.198
1.347935	8.829436E-1	6.058220E-2	281.289
1.349974	8.707356E-1	5.997180E-2	281.289
1.352167	8.557808E-1	5.905620E-2	281.289
1.354407	8.380792E-1	5.783540E-2	281.289
1.356447	8.267868E-1	5.722500E-2	281.289
1.358671	8.084748E-1	5.630940E-2	281.289
1.360787	7.948934E-1	5.524120E-2	281.289
1.362919	7.784126E-1	5.417300E-2	281.289
1.364958	7.665098E-1	5.310480E-2	281.289
1.367306	7.469770E-1	5.188400E-2	281.289
1.369315	7.398048E-1	5.081580E-2	281.289
1.371601	7.259182E-1	4.974760E-2	281.289
1.373578	7.221032E-1	4.913720E-2	281.289
1.375896	7.071484E-1	4.837420E-2	281.228
1.377734	7.037912E-1	4.791640E-2	281.228
1.380190	6.917358E-1	4.730600E-2	281.228
