Friday, November 30, 2007 04:35:13 PM
1.000000	3.435026E-1	9.354380E-2	201.849
2.000000	3.886722E-1	1.004108E-1	201.849
3.000000	4.295690E-1	1.055992E-1	201.819
4.000000	4.553584E-1	1.069726E-1	201.819
5.000000	4.787062E-1	1.088038E-1	201.849
6.000000	4.982390E-1	1.097194E-1	201.788
7.000000	5.202134E-1	1.103298E-1	201.819
8.000000	5.345578E-1	1.104824E-1	201.819
9.000000	5.554640E-1	1.112454E-1	201.788
10.000000	5.673668E-1	1.110928E-1	201.758
11.000000	5.797274E-1	1.113980E-1	201.819
12.000000	6.001758E-1	1.115506E-1	201.788
13.000000	6.132994E-1	1.110928E-1	201.758
14.000000	6.328322E-1	1.118558E-1	201.758
15.000000	6.459558E-1	1.120084E-1	201.788
16.000000	6.624366E-1	1.120084E-1	201.758
17.000000	6.755602E-1	1.121610E-1	201.727
18.000000	6.853266E-1	1.123136E-1	201.727
19.000000	7.031808E-1	1.120084E-1	201.758
20.000000	7.158466E-1	1.121610E-1	201.727
21.000000	7.306488E-1	1.120084E-1	201.758
22.000000	7.416360E-1	1.121610E-1	201.758
23.000000	7.608636E-1	1.123136E-1	201.727
24.000000	7.680358E-1	1.121610E-1	201.727
25.000000	7.820750E-1	1.121610E-1	201.727
26.000000	7.941304E-1	1.124662E-1	201.727
27.000000	8.054228E-1	1.120084E-1	201.666
28.000000	8.190042E-1	1.126188E-1	201.727
29.000000	8.283128E-1	1.124662E-1	201.727
30.000000	8.432676E-1	1.123136E-1	201.727
31.000000	8.539496E-1	1.132292E-1	201.727
32.000000	8.664628E-1	1.129240E-1	201.666
33.000000	8.762292E-1	1.127714E-1	201.666
34.000000	8.892002E-1	1.129240E-1	201.666
35.000000	8.980510E-1	1.126188E-1	201.697
36.000000	9.090382E-1	1.127714E-1	201.697
37.000000	9.227722E-1	1.130766E-1	201.727
38.000000	9.288762E-1	1.129240E-1	201.666
39.000000	9.430680E-1	1.136870E-1	201.636
40.000000	9.499350E-1	1.127714E-1	201.666
41.000000	9.621430E-1	1.127714E-1	201.666
42.000000	9.717568E-1	1.127714E-1	201.636
43.000000	9.764874E-1	1.127714E-1	201.636
44.000000	9.883902E-1	1.132292E-1	201.666
45.000000	9.969358E-1	1.127714E-1	201.605
46.000000	1.007923E+0	1.133818E-1	201.666
47.000000	1.012196E+0	1.130766E-1	201.666
48.000000	1.017689E+0	1.133818E-1	201.636
49.000000	1.019978E+0	1.133818E-1	201.636
50.000000	1.029897E+0	1.135344E-1	201.605
51.000000	1.045310E+0	1.141448E-1	201.636
52.000000	1.059197E+0	1.138396E-1	201.636
53.000000	1.072473E+0	1.142974E-1	201.605
54.000000	1.077661E+0	1.141448E-1	201.605
55.000000	1.088648E+0	1.139922E-1	201.666
56.000000	1.094295E+0	1.141448E-1	201.605
57.000000	1.100399E+0	1.141448E-1	201.605
58.000000	1.107876E+0	1.142974E-1	201.575
59.000000	1.111233E+0	1.142974E-1	201.605
60.000000	1.110318E+0	1.149078E-1	201.605
61.000000	1.105282E+0	1.155182E-1	201.605
62.000000	1.081018E+0	1.162812E-1	201.544
63.000000	1.090785E+0	1.168916E-1	201.544
64.000000	1.137480E+0	1.168916E-1	201.605
65.000000	1.155792E+0	1.162812E-1	201.544
66.000000	1.174867E+0	1.167390E-1	201.544
67.000000	1.182497E+0	1.162812E-1	201.544
68.000000	1.189670E+0	1.167390E-1	201.544
69.000000	1.200657E+0	1.167390E-1	201.544
70.000000	1.206456E+0	1.167390E-1	201.575
71.000000	1.216375E+0	1.170442E-1	201.544
72.000000	1.222936E+0	1.171968E-1	201.544
73.000000	1.230109E+0	1.173494E-1	201.544
74.000000	1.236670E+0	1.175020E-1	201.514
75.000000	1.245063E+0	1.179598E-1	201.514
76.000000	1.248115E+0	1.178072E-1	201.483
77.000000	1.252999E+0	1.184176E-1	201.483
78.000000	1.257577E+0	1.181124E-1	201.514
79.000000	1.264291E+0	1.182650E-1	201.514
80.000000	1.271921E+0	1.184176E-1	201.514
81.000000	1.276804E+0	1.185702E-1	201.483
82.000000	1.287944E+0	1.185702E-1	201.483
83.000000	1.291149E+0	1.185702E-1	201.483
84.000000	1.301831E+0	1.191806E-1	201.483
85.000000	1.307324E+0	1.187228E-1	201.453
86.000000	1.311139E+0	1.188754E-1	201.422
87.000000	1.321516E+0	1.196384E-1	201.422
88.000000	1.325178E+0	1.194858E-1	201.483
89.000000	1.332351E+0	1.193332E-1	201.453
90.000000	1.339218E+0	1.194858E-1	201.453
91.000000	1.345932E+0	1.200962E-1	201.453
92.000000	1.351426E+0	1.199436E-1	201.422
93.000000	1.352189E+0	1.200962E-1	201.422
94.000000	1.357224E+0	1.200962E-1	201.422
95.000000	1.363328E+0	1.202488E-1	201.422
96.000000	1.368822E+0	1.207066E-1	201.422
97.000000	1.369432E+0	1.204014E-1	201.422
98.000000	1.380725E+0	1.208592E-1	201.422
99.000000	1.380267E+0	1.204014E-1	201.422
100.000000	1.386524E+0	1.207066E-1	201.422
101.000000	1.386829E+0	1.207066E-1	201.392
102.000000	1.392475E+0	1.208592E-1	201.392
103.000000	1.397206E+0	1.211644E-1	201.392
104.000000	1.400410E+0	1.208592E-1	201.392
105.000000	1.405599E+0	1.208592E-1	201.361
106.000000	1.408651E+0	1.211644E-1	201.422
107.000000	1.415518E+0	1.216222E-1	201.392
108.000000	1.414755E+0	1.213170E-1	201.392
109.000000	1.423758E+0	1.213170E-1	201.422
110.000000	1.424979E+0	1.214696E-1	201.422
111.000000	1.426810E+0	1.213170E-1	201.422
112.000000	1.433372E+0	1.217748E-1	201.392
113.000000	1.437492E+0	1.222326E-1	201.392
114.000000	1.441612E+0	1.220800E-1	201.361
115.000000	1.444664E+0	1.219274E-1	201.361
116.000000	1.447716E+0	1.222326E-1	201.361
117.000000	1.450616E+0	1.225378E-1	201.361
118.000000	1.453820E+0	1.225378E-1	201.361
119.000000	1.459161E+0	1.225378E-1	201.331
120.000000	1.458551E+0	1.223852E-1	201.331
121.000000	1.459009E+0	1.223852E-1	201.331
122.000000	1.458856E+0	1.219274E-1	201.331
123.000000	1.449853E+0	1.214696E-1	201.300
124.000000	1.446801E+0	1.208592E-1	201.300
125.000000	1.445275E+0	1.207066E-1	201.331
126.000000	1.446190E+0	1.210118E-1	201.331
127.000000	1.452294E+0	1.210118E-1	201.300
128.000000	1.456109E+0	1.211644E-1	201.300
129.000000	1.454736E+0	1.213170E-1	201.300
130.000000	1.452142E+0	1.207066E-1	201.300
131.000000	1.446343E+0	1.207066E-1	201.239
132.000000	1.443901E+0	1.202488E-1	201.270
133.000000	1.443596E+0	1.199436E-1	201.300
134.000000	1.435966E+0	1.194858E-1	201.270
135.000000	1.435356E+0	1.196384E-1	201.270
136.000000	1.434593E+0	1.193332E-1	201.270
137.000000	1.417807E+0	1.175020E-1	201.239
138.000000	1.385303E+0	1.149078E-1	201.239
139.000000	1.378436E+0	1.146026E-1	201.270
140.000000	1.411092E+0	1.171968E-1	201.239
141.000000	1.442528E+0	1.190280E-1	201.270
142.000000	1.451073E+0	1.194858E-1	201.239
143.000000	1.451684E+0	1.199436E-1	201.270
144.000000	1.453210E+0	1.197910E-1	201.300
145.000000	1.453973E+0	1.204014E-1	201.270
146.000000	1.455499E+0	1.194858E-1	201.270
147.000000	1.456872E+0	1.197910E-1	201.270
148.000000	1.459161E+0	1.194858E-1	201.239
149.000000	1.454583E+0	1.191806E-1	201.209
150.000000	1.455041E+0	1.187228E-1	201.209
151.000000	1.453820E+0	1.188754E-1	201.239
152.000000	1.450921E+0	1.188754E-1	201.239
153.000000	1.452294E+0	1.181124E-1	201.209
154.000000	1.447411E+0	1.179598E-1	201.239
155.000000	1.446648E+0	1.178072E-1	201.178
156.000000	1.445122E+0	1.179598E-1	201.178
157.000000	1.442223E+0	1.175020E-1	201.178
158.000000	1.441612E+0	1.173494E-1	201.178
159.000000	1.438408E+0	1.173494E-1	201.147
160.000000	1.435203E+0	1.164338E-1	201.178
161.000000	1.435813E+0	1.167390E-1	201.209
162.000000	1.432456E+0	1.164338E-1	201.147
163.000000	1.434440E+0	1.161286E-1	201.147
164.000000	1.431388E+0	1.158234E-1	201.117
165.000000	1.427573E+0	1.153656E-1	201.147
166.000000	1.425894E+0	1.153656E-1	201.147
167.000000	1.427573E+0	1.149078E-1	201.147
168.000000	1.427268E+0	1.152130E-1	201.117
169.000000	1.423453E+0	1.146026E-1	201.117
170.000000	1.421316E+0	1.146026E-1	201.117
171.000000	1.421164E+0	1.146026E-1	201.117
172.000000	1.423605E+0	1.142974E-1	201.178
173.000000	1.420248E+0	1.141448E-1	201.117
174.000000	1.420248E+0	1.135344E-1	201.117
175.000000	1.418112E+0	1.129240E-1	201.117
176.000000	1.419333E+0	1.127714E-1	201.086
177.000000	1.418112E+0	1.130766E-1	201.117
178.000000	1.414602E+0	1.124662E-1	201.147
179.000000	1.416433E+0	1.121610E-1	201.147
180.000000	1.413992E+0	1.120084E-1	201.086
181.000000	1.415975E+0	1.120084E-1	201.086
182.000000	1.411092E+0	1.117032E-1	201.117
183.000000	1.411703E+0	1.112454E-1	201.056
184.000000	1.409108E+0	1.107876E-1	201.086
185.000000	1.407735E+0	1.104824E-1	201.086
186.000000	1.407430E+0	1.109402E-1	201.086
187.000000	1.405599E+0	1.104824E-1	201.056
188.000000	1.402089E+0	1.100246E-1	201.086
189.000000	1.399342E+0	1.100246E-1	201.086
190.000000	1.396595E+0	1.095668E-1	201.025
191.000000	1.391102E+0	1.091090E-1	201.025
192.000000	1.390796E+0	1.086512E-1	200.995
193.000000	1.387744E+0	1.088038E-1	200.995
194.000000	1.386218E+0	1.081934E-1	200.995
195.000000	1.383472E+0	1.081934E-1	201.025
196.000000	1.379962E+0	1.075830E-1	201.025
197.000000	1.380267E+0	1.074304E-1	201.056
198.000000	1.374773E+0	1.068200E-1	201.086
199.000000	1.376757E+0	1.066674E-1	201.025
200.000000	1.372484E+0	1.062096E-1	200.995
201.000000	1.375079E+0	1.065148E-1	200.995
202.000000	1.373858E+0	1.063622E-1	200.995
203.000000	1.375384E+0	1.060570E-1	200.995
204.000000	1.374163E+0	1.057518E-1	200.964
205.000000	1.375384E+0	1.052940E-1	200.995
206.000000	1.373400E+0	1.049888E-1	200.964
207.000000	1.371569E+0	1.048362E-1	201.025
208.000000	1.363023E+0	1.039206E-1	201.025
209.000000	1.336623E+0	1.017842E-1	200.964
210.000000	1.309155E+0	9.980040E-2	200.995
211.000000	1.282145E+0	9.766400E-2	200.934
212.000000	1.239570E+0	9.430680E-2	200.964
213.000000	1.224310E+0	9.278080E-2	200.964
214.000000	1.234687E+0	9.323860E-2	200.964
215.000000	1.252388E+0	9.415420E-2	200.903
216.000000	1.285960E+0	9.629060E-2	200.964
217.000000	1.299999E+0	9.751140E-2	200.903
218.000000	1.313428E+0	9.766400E-2	200.934
219.000000	1.318311E+0	9.781660E-2	200.873
220.000000	1.314802E+0	9.781660E-2	200.873
221.000000	1.289775E+0	9.598540E-2	200.934
222.000000	1.260934E+0	9.400160E-2	200.903
223.000000	1.192722E+0	8.942360E-2	200.903
224.000000	1.141906E+0	8.591380E-2	200.873
225.000000	1.088801E+0	8.194620E-2	200.903
226.000000	1.070489E+0	8.042020E-2	200.903
227.000000	1.053856E+0	7.904680E-2	200.903
228.000000	1.070794E+0	7.996240E-2	200.842
229.000000	1.110165E+0	8.286180E-2	200.842
230.000000	1.155640E+0	8.530340E-2	200.842
231.000000	1.173189E+0	8.698200E-2	200.842
232.000000	1.182650E+0	8.698200E-2	200.873
233.000000	1.184634E+0	8.743980E-2	200.873
234.000000	1.187533E+0	8.728720E-2	200.873
235.000000	1.186923E+0	8.759240E-2	200.842
236.000000	1.188907E+0	8.728720E-2	200.842
237.000000	1.185702E+0	8.743980E-2	200.842
238.000000	1.186770E+0	8.728720E-2	200.842
239.000000	1.181277E+0	8.698200E-2	200.842
240.000000	1.175936E+0	8.621900E-2	200.842
241.000000	1.172273E+0	8.606640E-2	200.812
242.000000	1.166627E+0	8.606640E-2	200.781
243.000000	1.162049E+0	8.576120E-2	200.812
244.000000	1.154114E+0	8.484560E-2	200.812
245.000000	1.146942E+0	8.484560E-2	200.781
246.000000	1.134734E+0	8.408260E-2	200.812
247.000000	1.130308E+0	8.362480E-2	200.812
248.000000	1.123746E+0	8.331960E-2	200.812
249.000000	1.116422E+0	8.286180E-2	200.812
250.000000	1.111844E+0	8.225140E-2	200.751
251.000000	1.110928E+0	8.194620E-2	200.781
