Horizontal Cross Section of Image 'HEG-02004'
End points on Image: (0.000000e+000,9.296875e+003), (1.984375e+004,9.296875e+003)
All x,y units: Å, z units:  Å
0.000000e+000	1.033533e+002
7.812500e+001	1.092256e+002
1.562500e+002	1.150980e+002
2.343750e+002	1.209703e+002
3.125000e+002	1.280171e+002
3.906250e+002	1.327150e+002
4.687500e+002	1.374129e+002
5.468750e+002	1.409363e+002
6.250000e+002	1.444597e+002
7.031250e+002	1.479831e+002
7.812500e+002	1.538554e+002
8.593750e+002	1.573788e+002
9.375000e+002	1.585533e+002
1.015625e+003	1.597278e+002
1.093750e+003	1.597278e+002
1.171875e+003	1.609023e+002
1.250000e+003	1.609023e+002
1.328125e+003	1.632512e+002
1.406250e+003	1.644257e+002
1.484375e+003	1.656001e+002
1.562500e+003	1.679491e+002
1.640625e+003	1.679491e+002
1.718750e+003	1.679491e+002
1.796875e+003	1.679491e+002
1.875000e+003	1.702980e+002
1.953125e+003	1.702980e+002
2.031250e+003	1.726469e+002
2.109375e+003	1.726469e+002
2.187500e+003	1.738214e+002
2.265625e+003	1.749959e+002
2.343750e+003	1.773448e+002
2.421875e+003	1.785193e+002
2.500000e+003	1.820427e+002
2.578125e+003	1.855661e+002
2.656250e+003	1.879150e+002
2.734375e+003	1.902640e+002
2.812500e+003	1.926129e+002
2.890625e+003	1.949619e+002
2.968750e+003	1.973108e+002
3.046875e+003	1.984853e+002
3.125000e+003	1.961363e+002
3.203125e+003	1.890895e+002
3.281250e+003	1.749959e+002
3.359375e+003	1.491576e+002
3.437500e+003	1.092256e+002
3.515625e+003	6.811920e+001
3.593750e+003	3.405960e+001
3.671875e+003	1.526810e+001
3.750000e+003	8.221283e+000
3.828125e+003	7.046814e+000
3.906250e+003	9.395752e+000
3.984375e+003	1.291916e+001
4.062500e+003	1.526810e+001
4.140625e+003	2.114044e+001
4.218750e+003	2.583832e+001
4.296875e+003	3.171066e+001
4.375000e+003	3.875748e+001
4.453125e+003	4.462982e+001
4.531250e+003	4.815323e+001
4.609375e+003	5.167664e+001
4.687500e+003	5.520004e+001
4.765625e+003	5.754898e+001
4.843750e+003	6.577026e+001
4.921875e+003	7.281708e+001
5.000000e+003	7.868942e+001
5.078125e+003	8.338730e+001
5.156250e+003	8.925964e+001
5.234375e+003	9.395752e+001
5.312500e+003	9.748093e+001
5.390625e+003	1.021788e+002
5.468750e+003	1.068767e+002
5.546875e+003	1.127490e+002
5.625000e+003	1.174469e+002
5.703125e+003	1.233192e+002
5.781250e+003	1.291916e+002
5.859375e+003	1.350639e+002
5.937500e+003	1.409363e+002
6.015625e+003	1.479831e+002
6.093750e+003	1.538554e+002
6.171875e+003	1.585533e+002
6.250000e+003	1.597278e+002
6.328125e+003	1.609023e+002
6.406250e+003	1.620767e+002
6.484375e+003	1.620767e+002
6.562500e+003	1.597278e+002
6.640625e+003	1.573788e+002
6.718750e+003	1.550299e+002
6.796875e+003	1.515065e+002
6.875000e+003	1.526810e+002
6.953125e+003	1.526810e+002
7.031250e+003	1.562044e+002
7.109375e+003	1.597278e+002
7.187500e+003	1.632512e+002
7.265625e+003	1.667746e+002
7.343750e+003	1.714725e+002
7.421875e+003	1.749959e+002
7.500000e+003	1.785193e+002
7.578125e+003	1.820427e+002
7.656250e+003	1.843916e+002
7.734375e+003	1.867406e+002
7.812500e+003	1.902640e+002
7.890625e+003	1.926129e+002
7.968750e+003	1.949619e+002
8.046875e+003	1.996597e+002
8.125000e+003	2.020087e+002
8.203125e+003	2.031831e+002
8.281250e+003	2.020087e+002
8.359375e+003	1.961363e+002
8.437500e+003	1.796938e+002
8.515625e+003	1.526810e+002
8.593750e+003	1.139235e+002
8.671875e+003	7.046814e+001
8.750000e+003	3.640854e+001
8.828125e+003	1.996597e+001
8.906250e+003	1.644257e+001
8.984375e+003	1.879150e+001
9.062500e+003	2.114044e+001
9.140625e+003	2.348938e+001
9.218750e+003	2.701279e+001
9.296875e+003	3.288513e+001
9.375000e+003	3.993195e+001
9.453125e+003	4.815323e+001
9.531250e+003	5.754898e+001
9.609375e+003	6.577026e+001
9.687500e+003	7.281708e+001
9.765625e+003	8.103836e+001
9.843750e+003	8.925964e+001
9.921875e+003	9.630646e+001
1.000000e+004	1.021788e+002
1.007813e+004	1.092256e+002
1.015625e+004	1.139235e+002
1.023438e+004	1.186214e+002
1.031250e+004	1.221448e+002
1.039063e+004	1.233192e+002
1.046875e+004	1.244937e+002
1.054688e+004	1.268427e+002
1.062500e+004	1.280171e+002
1.070313e+004	1.327150e+002
1.078125e+004	1.409363e+002
1.085938e+004	1.479831e+002
1.093750e+004	1.550299e+002
1.101563e+004	1.620767e+002
1.109375e+004	1.691235e+002
1.117188e+004	1.726469e+002
1.125000e+004	1.785193e+002
1.132813e+004	1.820427e+002
1.140625e+004	1.832172e+002
1.148438e+004	1.855661e+002
1.156250e+004	1.867406e+002
1.164063e+004	1.879150e+002
1.171875e+004	1.867406e+002
1.179688e+004	1.867406e+002
1.187500e+004	1.867406e+002
1.195313e+004	1.879150e+002
1.203125e+004	1.890895e+002
1.210938e+004	1.914384e+002
1.218750e+004	1.902640e+002
1.226563e+004	1.914384e+002
1.234375e+004	1.914384e+002
1.242188e+004	1.914384e+002
1.250000e+004	1.937874e+002
1.257813e+004	1.961363e+002
1.265625e+004	1.984853e+002
1.273438e+004	2.008342e+002
1.281250e+004	2.043576e+002
1.289063e+004	2.067065e+002
1.296875e+004	2.114044e+002
1.304688e+004	2.137534e+002
1.312500e+004	2.149278e+002
1.320313e+004	2.149278e+002
1.328125e+004	2.114044e+002
1.335938e+004	2.008342e+002
1.343750e+004	1.785193e+002
1.351563e+004	1.444597e+002
1.359375e+004	1.021788e+002
1.367188e+004	6.459579e+001
1.375000e+004	4.462982e+001
1.382813e+004	3.523407e+001
1.390625e+004	3.171066e+001
1.398438e+004	3.288513e+001
1.406250e+004	3.288513e+001
1.414063e+004	3.405960e+001
1.421875e+004	3.993195e+001
1.429688e+004	4.697876e+001
1.437500e+004	5.520004e+001
1.445313e+004	6.224686e+001
1.453125e+004	6.929367e+001
1.460938e+004	7.399155e+001
1.468750e+004	7.986389e+001
1.476563e+004	8.573624e+001
1.484375e+004	8.808517e+001
1.492188e+004	9.043411e+001
1.500000e+004	9.630646e+001
1.507813e+004	9.865540e+001
1.515625e+004	1.021788e+002
1.523438e+004	1.068767e+002
1.531250e+004	1.150980e+002
1.539063e+004	1.197958e+002
1.546875e+004	1.256682e+002
1.554688e+004	1.303661e+002
1.562500e+004	1.350639e+002
1.570313e+004	1.374129e+002
1.578125e+004	1.397618e+002
1.585938e+004	1.421107e+002
1.593750e+004	1.444597e+002
1.601563e+004	1.444597e+002
1.609375e+004	1.456342e+002
1.617188e+004	1.479831e+002
1.625000e+004	1.515065e+002
1.632813e+004	1.562044e+002
1.640625e+004	1.609023e+002
1.648438e+004	1.644257e+002
1.656250e+004	1.667746e+002
1.664063e+004	1.691235e+002
1.671875e+004	1.691235e+002
1.679688e+004	1.691235e+002
1.687500e+004	1.702980e+002
1.695313e+004	1.714725e+002
1.703125e+004	1.726469e+002
1.710938e+004	1.738214e+002
1.718750e+004	1.714725e+002
1.726563e+004	1.691235e+002
1.734375e+004	1.702980e+002
1.742188e+004	1.738214e+002
1.750000e+004	1.808682e+002
1.757813e+004	1.867406e+002
1.765625e+004	1.890895e+002
1.773438e+004	1.937874e+002
1.781250e+004	1.973108e+002
1.789063e+004	2.031831e+002
1.796875e+004	2.090555e+002
1.804688e+004	2.149278e+002
1.812500e+004	2.196257e+002
1.820313e+004	2.219746e+002
1.828125e+004	2.243236e+002
1.835938e+004	2.231491e+002
1.843750e+004	2.149278e+002
1.851563e+004	1.961363e+002
1.859375e+004	1.644257e+002
1.867188e+004	1.268427e+002
1.875000e+004	8.456177e+001
1.882813e+004	5.167664e+001
1.890625e+004	3.288513e+001
1.898438e+004	2.818726e+001
1.906250e+004	2.583832e+001
1.914063e+004	2.818726e+001
1.921875e+004	3.405960e+001
1.929688e+004	4.462982e+001
1.937500e+004	5.285110e+001
1.945313e+004	6.224686e+001
1.953125e+004	7.046814e+001
1.960938e+004	7.634048e+001
1.968750e+004	8.221283e+001
1.976563e+004	8.573624e+001
1.984375e+004	8.925964e+001
