Cross Section of Image 'imp-01001'
End points on Image: (1.191406e+004,7.812500e+002), (2.734375e+004,4.863281e+004)
All x,y units: Å, z units:  Å
0.000000e+000	6.342133e+001
1.545032e+002	6.224686e+001
3.090064e+002	6.577026e+001
4.635097e+002	8.456177e+001
6.180129e+002	1.233192e+002
7.725161e+002	1.585533e+002
9.270193e+002	1.597278e+002
1.081523e+003	1.656001e+002
1.236026e+003	1.749959e+002
1.390529e+003	1.632512e+002
1.545032e+003	1.632512e+002
1.699535e+003	1.667746e+002
1.854039e+003	1.879150e+002
2.008542e+003	2.442896e+002
2.163045e+003	2.736513e+002
2.317548e+003	3.147577e+002
2.472052e+003	3.323747e+002
2.626555e+003	3.394215e+002
2.781058e+003	3.394215e+002
2.935561e+003	3.382471e+002
3.090064e+003	3.300258e+002
3.244568e+003	3.288513e+002
3.399071e+003	3.276768e+002
3.553574e+003	3.182811e+002
3.708077e+003	3.124088e+002
3.862580e+003	2.947917e+002
4.017084e+003	2.912683e+002
4.171587e+003	2.853960e+002
4.326090e+003	2.760002e+002
4.480593e+003	2.595576e+002
4.635097e+003	2.548598e+002
4.789600e+003	2.419406e+002
4.944103e+003	2.372427e+002
5.098606e+003	2.266725e+002
5.253109e+003	2.266725e+002
5.407613e+003	2.196257e+002
5.562116e+003	2.114044e+002
5.716619e+003	2.043576e+002
5.871122e+003	2.067065e+002
6.025626e+003	1.961363e+002
6.180129e+003	1.890895e+002
6.334632e+003	1.773448e+002
6.489135e+003	1.761703e+002
6.643638e+003	1.632512e+002
6.798142e+003	1.503320e+002
6.952645e+003	1.409363e+002
7.107148e+003	1.409363e+002
7.261651e+003	1.338895e+002
7.416155e+003	1.327150e+002
7.570658e+003	1.256682e+002
7.725161e+003	1.291916e+002
7.879664e+003	1.115746e+002
8.034167e+003	1.021788e+002
8.188671e+003	8.691071e+001
8.343174e+003	8.456177e+001
8.497677e+003	7.516602e+001
8.652180e+003	7.751495e+001
8.806684e+003	7.046814e+001
8.961187e+003	6.577026e+001
9.115690e+003	6.224686e+001
9.270193e+003	5.872345e+001
9.424696e+003	5.872345e+001
9.579200e+003	5.050217e+001
9.733703e+003	3.993195e+001
9.888206e+003	3.405960e+001
1.004271e+004	4.580429e+001
1.019721e+004	4.697876e+001
1.035172e+004	5.872345e+001
1.050622e+004	6.694473e+001
1.066072e+004	7.399155e+001
1.081523e+004	7.868942e+001
1.096973e+004	8.691071e+001
1.112423e+004	8.221283e+001
1.127874e+004	7.516602e+001
1.143324e+004	7.986389e+001
1.158774e+004	6.811920e+001
1.174224e+004	5.989792e+001
1.189675e+004	7.751495e+001
1.205125e+004	9.748093e+001
1.220575e+004	1.609023e+002
1.236026e+004	2.337193e+002
1.251476e+004	2.795236e+002
1.266926e+004	3.018385e+002
1.282377e+004	3.018385e+002
1.297827e+004	3.147577e+002
1.313277e+004	3.218045e+002
1.328728e+004	3.194556e+002
1.344178e+004	3.147577e+002
1.359628e+004	3.100598e+002
1.375079e+004	3.018385e+002
1.390529e+004	2.912683e+002
1.405979e+004	2.877449e+002
1.421430e+004	2.795236e+002
1.436880e+004	2.713023e+002
1.452330e+004	2.666045e+002
1.467781e+004	2.630811e+002
1.483231e+004	2.560342e+002
1.498681e+004	2.513364e+002
1.514132e+004	2.419406e+002
1.529582e+004	2.360683e+002
1.545032e+004	2.325449e+002
1.560483e+004	2.313704e+002
1.575933e+004	2.219746e+002
1.591383e+004	2.172768e+002
1.606833e+004	2.078810e+002
1.622284e+004	2.020087e+002
1.637734e+004	1.973108e+002
1.653184e+004	1.961363e+002
1.668635e+004	1.890895e+002
1.684085e+004	1.808682e+002
1.699535e+004	1.761703e+002
1.714986e+004	1.773448e+002
1.730436e+004	1.714725e+002
1.745886e+004	1.702980e+002
1.761337e+004	1.691235e+002
1.776787e+004	1.691235e+002
1.792237e+004	1.702980e+002
1.807688e+004	1.656001e+002
1.823138e+004	1.597278e+002
1.838588e+004	1.597278e+002
1.854039e+004	1.562044e+002
1.869489e+004	1.338895e+002
1.884939e+004	1.115746e+002
1.900390e+004	1.068767e+002
1.915840e+004	9.043411e+001
1.931290e+004	8.103836e+001
1.946741e+004	7.281708e+001
1.962191e+004	6.694473e+001
1.977641e+004	5.285110e+001
1.993092e+004	3.405960e+001
2.008542e+004	2.701279e+001
2.023992e+004	2.701279e+001
2.039442e+004	3.640854e+001
2.054893e+004	5.050217e+001
2.070343e+004	7.164261e+001
2.085793e+004	7.516602e+001
2.101244e+004	9.160858e+001
2.116694e+004	9.982986e+001
2.132144e+004	1.021788e+002
2.147595e+004	1.010043e+002
2.163045e+004	9.513199e+001
2.178495e+004	8.808517e+001
2.193946e+004	9.278305e+001
2.209396e+004	9.748093e+001
2.224846e+004	9.748093e+001
2.240297e+004	1.033533e+002
2.255747e+004	1.468086e+002
2.271197e+004	1.609023e+002
2.286648e+004	2.395917e+002
2.302098e+004	2.783492e+002
2.317548e+004	2.983151e+002
2.332999e+004	2.924428e+002
2.348449e+004	2.994896e+002
2.363899e+004	3.018385e+002
2.379350e+004	3.006641e+002
2.394800e+004	2.936172e+002
2.410250e+004	2.936172e+002
2.425701e+004	2.912683e+002
2.441151e+004	2.830470e+002
2.456601e+004	2.760002e+002
2.472052e+004	2.713023e+002
2.487502e+004	2.689534e+002
2.502952e+004	2.654300e+002
2.518402e+004	2.619066e+002
2.533853e+004	2.548598e+002
2.549303e+004	2.466385e+002
2.564753e+004	2.466385e+002
2.580204e+004	2.360683e+002
2.595654e+004	2.372427e+002
2.611104e+004	2.278470e+002
2.626555e+004	2.196257e+002
2.642005e+004	2.125789e+002
2.657455e+004	2.114044e+002
2.672906e+004	2.078810e+002
2.688356e+004	2.008342e+002
2.703806e+004	1.996597e+002
2.719257e+004	1.937874e+002
2.734707e+004	1.902640e+002
2.750157e+004	1.914384e+002
2.765608e+004	1.890895e+002
2.781058e+004	1.820427e+002
2.796508e+004	1.773448e+002
2.811959e+004	1.702980e+002
2.827409e+004	1.620767e+002
2.842859e+004	1.538554e+002
2.858310e+004	1.491576e+002
2.873760e+004	1.385873e+002
2.889210e+004	1.291916e+002
2.904661e+004	1.291916e+002
2.920111e+004	1.186214e+002
2.935561e+004	1.092256e+002
2.951011e+004	1.068767e+002
2.966462e+004	1.068767e+002
2.981912e+004	1.033533e+002
2.997362e+004	9.278305e+001
3.012813e+004	7.634048e+001
3.028263e+004	7.634048e+001
3.043713e+004	6.459579e+001
3.059164e+004	5.754898e+001
3.074614e+004	4.462982e+001
3.090064e+004	4.932770e+001
3.105515e+004	4.110641e+001
3.120965e+004	4.815323e+001
3.136415e+004	5.989792e+001
3.151866e+004	6.224686e+001
3.167316e+004	7.399155e+001
3.182766e+004	8.691071e+001
3.198217e+004	1.139235e+002
3.213667e+004	1.080511e+002
3.229117e+004	1.327150e+002
3.244568e+004	1.468086e+002
3.260018e+004	1.526810e+002
3.275468e+004	1.315405e+002
3.290919e+004	1.268427e+002
3.306369e+004	1.127490e+002
3.321819e+004	1.303661e+002
3.337270e+004	1.456342e+002
3.352720e+004	2.020087e+002
3.368170e+004	2.454640e+002
3.383621e+004	2.689534e+002
3.399071e+004	2.701279e+002
3.414521e+004	2.748257e+002
3.429971e+004	2.713023e+002
3.445422e+004	2.677789e+002
3.460872e+004	2.619066e+002
3.476322e+004	2.595576e+002
3.491773e+004	2.454640e+002
3.507223e+004	2.407661e+002
3.522673e+004	2.372427e+002
3.538124e+004	2.278470e+002
3.553574e+004	2.254980e+002
3.569024e+004	2.254980e+002
3.584475e+004	2.219746e+002
3.599925e+004	2.231491e+002
3.615375e+004	2.137534e+002
3.630826e+004	2.149278e+002
3.646276e+004	2.125789e+002
3.661726e+004	2.067065e+002
3.677177e+004	2.020087e+002
3.692627e+004	1.996597e+002
3.708077e+004	1.973108e+002
3.723528e+004	1.961363e+002
3.738978e+004	1.902640e+002
3.754428e+004	1.890895e+002
3.769879e+004	1.785193e+002
3.785329e+004	1.738214e+002
3.800779e+004	1.691235e+002
3.816230e+004	1.679491e+002
3.831680e+004	1.656001e+002
3.847130e+004	1.644257e+002
3.862580e+004	1.585533e+002
3.878031e+004	1.491576e+002
3.893481e+004	1.350639e+002
3.908931e+004	1.362384e+002
3.924382e+004	1.233192e+002
3.939832e+004	1.080511e+002
3.955282e+004	1.033533e+002
3.970733e+004	1.021788e+002
3.986183e+004	9.865540e+001
4.001633e+004	9.395752e+001
4.017084e+004	9.160858e+001
4.032534e+004	8.691071e+001
4.047984e+004	8.221283e+001
4.063435e+004	7.634048e+001
4.078885e+004	7.634048e+001
4.094335e+004	6.577026e+001
4.109786e+004	5.872345e+001
4.125236e+004	5.167664e+001
4.140686e+004	4.932770e+001
4.156137e+004	5.402557e+001
4.171587e+004	5.872345e+001
4.187037e+004	6.107239e+001
4.202488e+004	6.459579e+001
4.217938e+004	7.046814e+001
4.233388e+004	8.103836e+001
4.248839e+004	9.278305e+001
4.264289e+004	1.256682e+002
4.279739e+004	1.421107e+002
4.295190e+004	1.714725e+002
4.310640e+004	1.843916e+002
4.326090e+004	1.843916e+002
4.341540e+004	1.914384e+002
4.356991e+004	1.832172e+002
4.372441e+004	1.479831e+002
4.387891e+004	1.585533e+002
4.403342e+004	1.949619e+002
4.418792e+004	2.654300e+002
4.434242e+004	3.030130e+002
4.449693e+004	3.135832e+002
4.465143e+004	3.182811e+002
4.480593e+004	3.229790e+002
4.496044e+004	3.147577e+002
4.511494e+004	3.006641e+002
4.526944e+004	2.994896e+002
4.542395e+004	2.830470e+002
4.557845e+004	2.701279e+002
4.573295e+004	2.572087e+002
4.588746e+004	2.560342e+002
4.604196e+004	2.478130e+002
4.619646e+004	2.395917e+002
4.635097e+004	2.395917e+002
4.650547e+004	2.360683e+002
4.665997e+004	2.360683e+002
4.681448e+004	2.348938e+002
4.696898e+004	2.266725e+002
4.712348e+004	2.243236e+002
4.727799e+004	2.231491e+002
4.743249e+004	2.219746e+002
4.758699e+004	2.208002e+002
4.774149e+004	2.149278e+002
4.789600e+004	2.090555e+002
4.805050e+004	2.078810e+002
4.820500e+004	1.973108e+002
4.835951e+004	1.926129e+002
4.851401e+004	1.867406e+002
4.866851e+004	1.832172e+002
4.882302e+004	1.738214e+002
4.897752e+004	1.726469e+002
4.913202e+004	1.679491e+002
4.928653e+004	1.632512e+002
4.944103e+004	1.597278e+002
4.959553e+004	1.550299e+002
4.975004e+004	1.491576e+002
4.990454e+004	1.374129e+002
5.005904e+004	1.303661e+002
