Cross Section of Image 'meg-01'
End points on Image: (1.855469e+004,3.906250e+002), (3.554688e+004,4.960938e+004)
All x,y units: Å, z units:  Å
0.000000e+000	3.288513e+001
1.533336e+002	3.523407e+001
3.066673e+002	4.580429e+001
4.600009e+002	5.050217e+001
6.133345e+002	4.815323e+001
7.666682e+002	5.754898e+001
9.200018e+002	5.754898e+001
1.073335e+003	7.986389e+001
1.226669e+003	8.808517e+001
1.380003e+003	1.021788e+002
1.533336e+003	1.021788e+002
1.686670e+003	1.045277e+002
1.840004e+003	1.139235e+002
1.993337e+003	1.174469e+002
2.146671e+003	1.421107e+002
2.300005e+003	1.749959e+002
2.453338e+003	1.879150e+002
2.606672e+003	1.949619e+002
2.760005e+003	2.020087e+002
2.913339e+003	2.184512e+002
3.066673e+003	2.266725e+002
3.220006e+003	2.137534e+002
3.373340e+003	2.208002e+002
3.526674e+003	2.407661e+002
3.680007e+003	2.431151e+002
3.833341e+003	2.525108e+002
3.986674e+003	2.536853e+002
4.140008e+003	2.560342e+002
4.293342e+003	2.560342e+002
4.446675e+003	2.583832e+002
4.600009e+003	2.724768e+002
4.753343e+003	2.877449e+002
4.906676e+003	2.900938e+002
5.060010e+003	2.983151e+002
5.213344e+003	3.077109e+002
5.366677e+003	3.241534e+002
5.520011e+003	3.265024e+002
5.673344e+003	3.417705e+002
5.826678e+003	3.464684e+002
5.980012e+003	3.511662e+002
6.133345e+003	3.605620e+002
6.286679e+003	3.629109e+002
6.440013e+003	3.723067e+002
6.593346e+003	3.770045e+002
6.746680e+003	3.746556e+002
6.900014e+003	3.852258e+002
7.053347e+003	4.110641e+002
7.206681e+003	4.122386e+002
7.360014e+003	4.263322e+002
7.513348e+003	4.157620e+002
7.666682e+003	3.770045e+002
7.820015e+003	3.546896e+002
7.973349e+003	3.605620e+002
8.126683e+003	3.171066e+002
8.280016e+003	2.442896e+002
8.433350e+003	2.184512e+002
8.586683e+003	9.278305e+001
8.740017e+003	2.348938e+001
8.893351e+003	2.114044e+001
9.046684e+003	2.701279e+001
9.200018e+003	3.288513e+001
9.353352e+003	3.640854e+001
9.506685e+003	3.758301e+001
9.660019e+003	4.110641e+001
9.813353e+003	5.989792e+001
9.966686e+003	6.929367e+001
1.012002e+004	8.103836e+001
1.027335e+004	8.808517e+001
1.042669e+004	1.080511e+002
1.058002e+004	1.374129e+002
1.073335e+004	1.515065e+002
1.088669e+004	1.432852e+002
1.104002e+004	1.479831e+002
1.119336e+004	1.503320e+002
1.134669e+004	1.550299e+002
1.150002e+004	1.550299e+002
1.165336e+004	1.691235e+002
1.180669e+004	1.926129e+002
1.196002e+004	2.137534e+002
1.211336e+004	2.231491e+002
1.226669e+004	2.278470e+002
1.242002e+004	2.395917e+002
1.257336e+004	2.454640e+002
1.272669e+004	2.583832e+002
1.288003e+004	2.548598e+002
1.303336e+004	2.384172e+002
1.318669e+004	2.407661e+002
1.334003e+004	2.454640e+002
1.349336e+004	2.689534e+002
1.364669e+004	2.865704e+002
1.380003e+004	2.900938e+002
1.395336e+004	3.065364e+002
1.410669e+004	3.147577e+002
1.426003e+004	3.229790e+002
1.441336e+004	3.112343e+002
1.456670e+004	3.135832e+002
1.472003e+004	3.124088e+002
1.487336e+004	3.124088e+002
1.502670e+004	3.135832e+002
1.518003e+004	3.135832e+002
1.533336e+004	3.112343e+002
1.548670e+004	3.124088e+002
1.564003e+004	3.206300e+002
1.579336e+004	3.288513e+002
1.594670e+004	3.405960e+002
1.610003e+004	3.546896e+002
1.625337e+004	3.687833e+002
1.640670e+004	3.875748e+002
1.656003e+004	4.051918e+002
1.671337e+004	4.286812e+002
1.686670e+004	4.310301e+002
1.702003e+004	4.404259e+002
1.717337e+004	4.228088e+002
1.732670e+004	4.181110e+002
1.748003e+004	3.746556e+002
1.763337e+004	2.842215e+002
1.778670e+004	1.585533e+002
1.794004e+004	1.104001e+002
1.809337e+004	6.342133e+001
1.824670e+004	3.171066e+001
1.840004e+004	2.701279e+001
1.855337e+004	2.348938e+001
1.870670e+004	2.114044e+001
1.886004e+004	3.875748e+001
1.901337e+004	5.402557e+001
1.916670e+004	5.285110e+001
1.932004e+004	7.751495e+001
1.947337e+004	9.278305e+001
1.962671e+004	1.033533e+002
1.978004e+004	1.057022e+002
1.993337e+004	1.197958e+002
2.008671e+004	1.338895e+002
2.024004e+004	1.421107e+002
2.039337e+004	1.432852e+002
2.054671e+004	1.526810e+002
2.070004e+004	1.597278e+002
2.085337e+004	1.691235e+002
2.100671e+004	1.726469e+002
2.116004e+004	1.961363e+002
2.131338e+004	2.020087e+002
2.146671e+004	2.078810e+002
2.162004e+004	2.067065e+002
2.177338e+004	2.114044e+002
2.192671e+004	2.313704e+002
2.208004e+004	2.395917e+002
2.223338e+004	2.642555e+002
2.238671e+004	2.677789e+002
2.254004e+004	2.572087e+002
2.269338e+004	2.713023e+002
2.284671e+004	2.795236e+002
2.300005e+004	3.077109e+002
2.315338e+004	3.276768e+002
2.330671e+004	3.253279e+002
2.346005e+004	3.370726e+002
2.361338e+004	3.452939e+002
2.376671e+004	3.652599e+002
2.392005e+004	3.617365e+002
2.407338e+004	3.875748e+002
2.422671e+004	3.981450e+002
2.438005e+004	3.969705e+002
2.453338e+004	4.098897e+002
2.468671e+004	4.110641e+002
2.484005e+004	4.251578e+002
2.499338e+004	4.275067e+002
2.514672e+004	4.275067e+002
2.530005e+004	4.216344e+002
2.545338e+004	3.969705e+002
2.560672e+004	3.957961e+002
2.576005e+004	3.300258e+002
2.591338e+004	2.125789e+002
2.606672e+004	1.010043e+002
2.622005e+004	8.691071e+001
2.637338e+004	7.281708e+001
2.652672e+004	6.224686e+001
2.668005e+004	5.637451e+001
2.683339e+004	4.815323e+001
2.698672e+004	6.929367e+001
2.714005e+004	8.103836e+001
2.729339e+004	8.103836e+001
2.744672e+004	7.516602e+001
2.760005e+004	9.278305e+001
2.775339e+004	1.033533e+002
2.790672e+004	1.162724e+002
2.806005e+004	1.139235e+002
2.821339e+004	1.209703e+002
2.836672e+004	1.280171e+002
2.852006e+004	1.432852e+002
2.867339e+004	1.503320e+002
2.882672e+004	1.597278e+002
2.898006e+004	1.644257e+002
2.913339e+004	1.749959e+002
2.928672e+004	1.773448e+002
2.944006e+004	1.926129e+002
2.959339e+004	2.043576e+002
2.974672e+004	2.090555e+002
2.990006e+004	2.114044e+002
3.005339e+004	2.137534e+002
3.020673e+004	2.301959e+002
3.036006e+004	2.372427e+002
3.051339e+004	2.478130e+002
3.066673e+004	2.583832e+002
3.082006e+004	2.642555e+002
3.097339e+004	2.689534e+002
3.112673e+004	2.760002e+002
3.128006e+004	2.877449e+002
3.143339e+004	2.971407e+002
3.158673e+004	2.959662e+002
3.174006e+004	3.124088e+002
3.189340e+004	3.206300e+002
3.204673e+004	3.288513e+002
3.220006e+004	3.323747e+002
3.235340e+004	3.464684e+002
3.250673e+004	3.664343e+002
3.266006e+004	3.840514e+002
3.281340e+004	3.770045e+002
3.296673e+004	3.840514e+002
3.312006e+004	3.887492e+002
3.327340e+004	3.922726e+002
3.342673e+004	3.934471e+002
3.358007e+004	3.758301e+002
3.373340e+004	3.335492e+002
3.388673e+004	2.642555e+002
3.404007e+004	2.395917e+002
3.419340e+004	1.397618e+002
3.434673e+004	9.043411e+001
3.450007e+004	1.010043e+002
3.465340e+004	1.010043e+002
3.480673e+004	9.982986e+001
3.496007e+004	9.513199e+001
3.511340e+004	1.057022e+002
3.526674e+004	9.630646e+001
3.542007e+004	9.982986e+001
3.557340e+004	1.033533e+002
3.572674e+004	1.115746e+002
3.588007e+004	1.092256e+002
3.603340e+004	1.115746e+002
3.618674e+004	1.127490e+002
3.634007e+004	1.186214e+002
3.649340e+004	1.256682e+002
3.664674e+004	1.280171e+002
3.680007e+004	1.421107e+002
3.695341e+004	1.456342e+002
3.710674e+004	1.503320e+002
3.726007e+004	1.491576e+002
3.741341e+004	1.515065e+002
3.756674e+004	1.538554e+002
3.772007e+004	1.738214e+002
3.787341e+004	2.008342e+002
3.802674e+004	2.114044e+002
3.818007e+004	2.090555e+002
3.833341e+004	2.149278e+002
3.848674e+004	2.137534e+002
3.864008e+004	2.231491e+002
3.879341e+004	2.301959e+002
3.894674e+004	2.313704e+002
3.910008e+004	2.337193e+002
3.925341e+004	2.442896e+002
3.940674e+004	2.419406e+002
3.956008e+004	2.442896e+002
3.971341e+004	2.478130e+002
3.986674e+004	2.560342e+002
4.002008e+004	2.595576e+002
4.017341e+004	2.595576e+002
4.032675e+004	2.677789e+002
4.048008e+004	2.724768e+002
4.063341e+004	2.971407e+002
4.078675e+004	3.171066e+002
4.094008e+004	3.417705e+002
4.109341e+004	3.452939e+002
4.124675e+004	3.676088e+002
4.140008e+004	3.875748e+002
4.155341e+004	4.075407e+002
4.170675e+004	4.087152e+002
4.186008e+004	4.204599e+002
4.201342e+004	4.169365e+002
4.216675e+004	3.922726e+002
4.232008e+004	3.687833e+002
4.247342e+004	2.771747e+002
4.262675e+004	1.749959e+002
4.278008e+004	8.925964e+001
4.293342e+004	7.634048e+001
4.308675e+004	6.694473e+001
4.324008e+004	7.634048e+001
4.339342e+004	7.986389e+001
4.354675e+004	8.925964e+001
4.370009e+004	9.982986e+001
4.385342e+004	1.127490e+002
4.400675e+004	1.221448e+002
4.416009e+004	1.268427e+002
4.431342e+004	1.209703e+002
4.446675e+004	1.186214e+002
4.462009e+004	1.244937e+002
4.477342e+004	1.280171e+002
4.492675e+004	1.291916e+002
4.508009e+004	1.327150e+002
4.523342e+004	1.409363e+002
4.538676e+004	1.397618e+002
4.554009e+004	1.456342e+002
4.569342e+004	1.503320e+002
4.584676e+004	1.573788e+002
4.600009e+004	1.749959e+002
4.615342e+004	1.902640e+002
4.630676e+004	2.020087e+002
4.646009e+004	2.125789e+002
4.661342e+004	2.125789e+002
4.676676e+004	2.114044e+002
4.692009e+004	2.219746e+002
4.707343e+004	2.278470e+002
4.722676e+004	2.360683e+002
4.738009e+004	2.478130e+002
4.753343e+004	2.525108e+002
4.768676e+004	2.666045e+002
4.784009e+004	2.795236e+002
4.799343e+004	2.983151e+002
4.814676e+004	3.018385e+002
4.830009e+004	3.030130e+002
4.845343e+004	3.041875e+002
4.860676e+004	3.171066e+002
4.876010e+004	3.241534e+002
4.891343e+004	3.429449e+002
4.906676e+004	3.582130e+002
4.922010e+004	3.793535e+002
4.937343e+004	3.993195e+002
4.952676e+004	4.169365e+002
4.968010e+004	4.333791e+002
4.983343e+004	4.439493e+002
4.998676e+004	4.369025e+002
5.014010e+004	4.380769e+002
5.029343e+004	4.216344e+002
5.044677e+004	3.805280e+002
5.060010e+004	3.511662e+002
5.075343e+004	2.689534e+002
5.090677e+004	1.503320e+002
5.106010e+004	9.513199e+001
5.121343e+004	8.103836e+001
5.136677e+004	6.694473e+001
5.152010e+004	6.694473e+001
5.167343e+004	6.811920e+001
5.182677e+004	8.573624e+001
5.198010e+004	1.092256e+002
