Friday, November 30, 2007 04:17:18 PM
2.269825	5.591874E+0	4.822160E-1	205.268
2.273532	5.568221E+0	4.825212E-1	205.268
2.277225	5.542737E+0	4.828264E-1	205.268
2.280886	5.507487E+0	4.834368E-1	205.268
2.284516	5.459570E+0	4.832842E-1	205.268
2.288131	5.388001E+0	4.831316E-1	205.268
2.291777	5.298577E+0	4.820634E-1	205.268
2.295360	5.206407E+0	4.797744E-1	205.268
2.298991	5.136211E+0	4.780958E-1	205.268
2.302575	5.080054E+0	4.745860E-1	205.268
2.306190	5.041446E+0	4.697028E-1	205.268
2.309773	5.056859E+0	4.634462E-1	205.268
2.313404	5.114847E+0	4.553584E-1	205.268
2.316972	5.214037E+0	4.495596E-1	205.268
2.320572	5.340084E+0	4.489492E-1	205.268
2.324186	5.410433E+0	4.509330E-1	205.268
2.327770	5.365416E+0	4.538324E-1	205.268
2.331401	5.341305E+0	4.579526E-1	205.268
2.334985	5.503519E+0	4.666508E-1	205.268
2.338569	5.660392E+0	4.710762E-1	205.268
2.342137	5.736081E+0	4.716866E-1	205.268
2.345798	5.761566E+0	4.716866E-1	205.298
2.349367	5.769043E+0	4.719918E-1	205.298
2.352982	5.772095E+0	4.721444E-1	205.298
2.356596	5.770111E+0	4.719918E-1	205.298
2.360165	5.763397E+0	4.718392E-1	205.298
2.363780	5.759124E+0	4.712288E-1	205.298
2.367379	5.747984E+0	4.712288E-1	205.298
2.370963	5.741270E+0	4.706184E-1	205.298
2.374547	5.728604E+0	4.700080E-1	205.268
2.378208	5.716549E+0	4.693976E-1	205.268
2.381808	5.702357E+0	4.687872E-1	205.268
2.385391	5.690301E+0	4.681768E-1	205.268
2.388991	5.675347E+0	4.677190E-1	205.268
2.392590	5.659324E+0	4.668034E-1	205.268
2.396174	5.642080E+0	4.660404E-1	205.268
2.399804	5.622852E+0	4.652774E-1	205.268
2.403373	5.605151E+0	4.642092E-1	205.268
2.407003	5.586228E+0	4.631410E-1	205.268
2.410587	5.564864E+0	4.617676E-1	205.268
2.414187	5.544263E+0	4.606994E-1	205.268
2.417770	5.521984E+0	4.594786E-1	205.268
2.421385	5.498941E+0	4.582578E-1	205.268
2.424969	5.474678E+0	4.568844E-1	205.237
2.428553	5.449499E+0	4.552058E-1	205.237
2.432199	5.424320E+0	4.536798E-1	205.237
2.435783	5.394868E+0	4.523064E-1	205.237
2.439382	5.367705E+0	4.503226E-1	205.237
2.442982	5.340237E+0	4.486440E-1	205.237
2.446581	5.312616E+0	4.469654E-1	205.237
2.450165	5.284691E+0	4.449816E-1	205.237
2.453795	5.254018E+0	4.431504E-1	205.206
2.457364	5.224871E+0	4.413192E-1	205.206
2.460994	5.197556E+0	4.393354E-1	205.206
2.464562	5.168409E+0	4.378094E-1	205.206
2.468208	5.139721E+0	4.353678E-1	205.206
2.471792	5.112253E+0	4.338418E-1	205.206
2.475391	5.086158E+0	4.320106E-1	205.206
2.478991	5.060826E+0	4.298742E-1	205.268
2.482559	5.034121E+0	4.280430E-1	205.268
2.486190	5.009248E+0	4.265170E-1	205.268
2.489758	4.985442E+0	4.249910E-1	205.268
2.493388	4.961484E+0	4.237702E-1	205.268
2.496972	4.935847E+0	4.219390E-1	205.268
2.500587	4.914636E+0	4.205656E-1	205.268
2.504187	4.892356E+0	4.191922E-1	205.206
2.507786	4.868703E+0	4.173610E-1	205.206
2.511385	4.848255E+0	4.159876E-1	205.206
2.515000	4.823991E+0	4.147668E-1	205.206
2.518569	4.801712E+0	4.133934E-1	205.206
2.522199	4.780195E+0	4.117148E-1	205.206
2.525783	4.758221E+0	4.103414E-1	205.206
2.529367	4.737620E+0	4.089680E-1	205.206
2.532982	4.714272E+0	4.077472E-1	205.268
2.536566	4.692755E+0	4.063738E-1	205.268
2.540180	4.670476E+0	4.050004E-1	205.268
2.543780	4.648501E+0	4.033218E-1	205.268
2.547379	4.625916E+0	4.019484E-1	205.268
2.550979	4.603332E+0	4.007276E-1	205.268
2.554578	4.581357E+0	3.993542E-1	205.268
2.558193	4.558315E+0	3.975230E-1	205.268
2.561777	4.535272E+0	3.963022E-1	205.268
2.565392	4.512535E+0	3.946236E-1	205.268
2.568991	4.488576E+0	3.930976E-1	205.268
2.572590	4.463703E+0	3.915716E-1	205.268
2.576190	4.439897E+0	3.900456E-1	205.268
2.579774	4.416397E+0	3.883670E-1	205.268
2.583388	4.391523E+0	3.863832E-1	205.237
2.586988	4.366191E+0	3.850098E-1	205.237
2.590587	4.341317E+0	3.833312E-1	205.237
2.594202	4.315681E+0	3.813474E-1	205.237
2.597771	4.290349E+0	3.793636E-1	205.237
2.601401	4.265323E+0	3.773798E-1	205.237
2.604969	4.238770E+0	3.757012E-1	205.237
2.608584	4.214507E+0	3.740226E-1	205.237
2.612168	4.187649E+0	3.720388E-1	205.268
2.615783	4.163386E+0	3.700550E-1	205.268
2.619398	4.138970E+0	3.680712E-1	205.268
2.622966	4.114706E+0	3.663926E-1	205.268
2.626581	4.089375E+0	3.647140E-1	205.268
2.630180	4.064654E+0	3.627302E-1	205.268
2.633764	4.040543E+0	3.610516E-1	205.268
2.637379	4.016432E+0	3.592204E-1	205.237
2.640979	3.991406E+0	3.573892E-1	205.237
2.644563	3.967447E+0	3.555580E-1	205.237
2.648208	3.942879E+0	3.538794E-1	205.237
2.651777	3.919989E+0	3.517430E-1	205.237
2.655392	3.895420E+0	3.497592E-1	205.237
2.658991	3.865053E+0	3.479280E-1	205.237
2.662606	3.833007E+0	3.462494E-1	205.206
2.666174	3.802182E+0	3.439604E-1	205.206
2.669774	3.772730E+0	3.415188E-1	205.206
2.673388	3.746177E+0	3.390772E-1	205.206
2.677003	3.724356E+0	3.373986E-1	205.206
2.680556	3.703755E+0	3.352622E-1	205.206
2.684187	3.684680E+0	3.335836E-1	205.206
2.687771	3.667741E+0	3.323628E-1	205.206
2.691385	3.641494E+0	3.306842E-1	205.206
2.695000	3.611584E+0	3.291582E-1	205.206
2.698569	3.580301E+0	3.273270E-1	205.206
2.702184	3.550849E+0	3.250380E-1	205.206
2.705783	3.525213E+0	3.225964E-1	205.206
2.709382	3.504306E+0	3.203074E-1	205.206
2.712966	3.484011E+0	3.187814E-1	205.206
2.716597	3.464478E+0	3.167976E-1	205.206
2.720165	3.445250E+0	3.154242E-1	205.206
2.723764	3.424191E+0	3.140508E-1	205.206
2.727379	3.401301E+0	3.123722E-1	205.206
2.730979	3.376733E+0	3.111514E-1	205.206
2.734547	3.353385E+0	3.093202E-1	205.206
2.738193	3.330342E+0	3.074890E-1	205.206
2.741777	3.305163E+0	3.058104E-1	205.237
2.745392	3.281358E+0	3.033688E-1	205.237
2.748991	3.257552E+0	3.016902E-1	205.237
2.752575	3.232831E+0	3.000116E-1	205.237
2.756205	3.207347E+0	2.981804E-1	205.237
2.759774	3.184762E+0	2.963492E-1	205.237
2.763389	3.160804E+0	2.945180E-1	205.237
2.766942	3.135625E+0	2.923816E-1	205.237
2.770618	3.112124E+0	2.907030E-1	205.176
2.774171	3.089082E+0	2.888718E-1	205.176
2.777771	3.064818E+0	2.871932E-1	205.176
2.781401	3.042386E+0	2.852094E-1	205.176
2.784969	3.018581E+0	2.832256E-1	205.176
2.788584	2.995385E+0	2.815470E-1	205.176
2.792184	2.972801E+0	2.797158E-1	205.176
2.795783	2.950063E+0	2.778846E-1	205.206
2.799351	2.927326E+0	2.760534E-1	205.206
2.802997	2.906725E+0	2.739170E-1	205.206
2.806581	2.883530E+0	2.723910E-1	205.206
2.810165	2.864302E+0	2.705598E-1	205.206
