Sunday, December 02, 2007 12:57:43 PM
1.000000	3.143560E-2	8.042020E-1	260.994
2.000000	3.326680E-2	8.423520E-1	261.025
3.000000	3.265640E-2	8.435728E-1	261.055
4.000000	3.387720E-2	8.444884E-1	261.055
5.000000	3.448760E-2	8.435728E-1	261.025
6.000000	3.235120E-2	8.420468E-1	261.025
7.000000	2.807840E-2	8.405208E-1	261.025
8.000000	3.387720E-2	8.374688E-1	260.994
9.000000	2.685760E-2	8.341116E-1	261.025
10.000000	3.174080E-2	8.307544E-1	261.025
11.000000	2.685760E-2	8.182412E-1	260.994
0.000000	0.000000E+0	0.000000E+0	0.000
0.000000	0.000000E+0	0.000000E+0	0.000
0.000000	0.000000E+0	0.000000E+0	0.000
0.000000	0.000000E+0	0.000000E+0	0.000
0.000000	0.000000E+0	0.000000E+0	0.000
0.000000	0.000000E+0	0.000000E+0	0.000
0.000000	0.000000E+0	0.000000E+0	0.000
0.000000	0.000000E+0	0.000000E+0	0.000
0.000000	0.000000E+0	0.000000E+0	0.000
0.000000	0.000000E+0	0.000000E+0	0.000
0.000000	0.000000E+0	0.000000E+0	0.000
0.000000	0.000000E+0	0.000000E+0	0.000
0.000000	0.000000E+0	0.000000E+0	0.000
0.000000	0.000000E+0	0.000000E+0	0.000
0.000000	0.000000E+0	0.000000E+0	0.000
0.000000	0.000000E+0	0.000000E+0	0.000
0.000000	0.000000E+0	0.000000E+0	0.000
0.000000	0.000000E+0	0.000000E+0	0.000
0.000000	0.000000E+0	0.000000E+0	0.000
0.000000	0.000000E+0	0.000000E+0	0.000
0.000000	0.000000E+0	0.000000E+0	0.000
0.000000	0.000000E+0	0.000000E+0	0.000
0.000000	0.000000E+0	0.000000E+0	0.000
0.000000	0.000000E+0	0.000000E+0	0.000
0.000000	0.000000E+0	0.000000E+0	0.000
0.000000	0.000000E+0	0.000000E+0	0.000
0.000000	0.000000E+0	0.000000E+0	0.000
0.000000	0.000000E+0	0.000000E+0	0.000
0.000000	0.000000E+0	0.000000E+0	0.000
0.000000	0.000000E+0	0.000000E+0	0.000
0.000000	0.000000E+0	0.000000E+0	0.000
0.000000	0.000000E+0	0.000000E+0	0.000
0.000000	0.000000E+0	0.000000E+0	0.000
0.000000	0.000000E+0	0.000000E+0	0.000
0.000000	0.000000E+0	0.000000E+0	0.000
0.000000	0.000000E+0	0.000000E+0	0.000
0.000000	0.000000E+0	0.000000E+0	0.000
0.000000	0.000000E+0	0.000000E+0	0.000
0.000000	0.000000E+0	0.000000E+0	0.000
0.000000	0.000000E+0	0.000000E+0	0.000
0.000000	0.000000E+0	0.000000E+0	0.000
0.000000	0.000000E+0	0.000000E+0	0.000
0.000000	0.000000E+0	0.000000E+0	0.000
0.000000	0.000000E+0	0.000000E+0	0.000
0.000000	0.000000E+0	0.000000E+0	0.000
0.000000	0.000000E+0	0.000000E+0	0.000
0.000000	0.000000E+0	0.000000E+0	0.000
0.000000	0.000000E+0	0.000000E+0	0.000
0.000000	0.000000E+0	0.000000E+0	0.000
0.000000	0.000000E+0	0.000000E+0	0.000
0.000000	0.000000E+0	0.000000E+0	0.000
0.000000	0.000000E+0	0.000000E+0	0.000
0.000000	0.000000E+0	0.000000E+0	0.000
0.000000	0.000000E+0	0.000000E+0	0.000
0.000000	0.000000E+0	0.000000E+0	0.000
0.000000	0.000000E+0	0.000000E+0	0.000
0.000000	0.000000E+0	0.000000E+0	0.000
0.000000	0.000000E+0	0.000000E+0	0.000
0.000000	0.000000E+0	0.000000E+0	0.000
0.000000	0.000000E+0	0.000000E+0	0.000
0.000000	0.000000E+0	0.000000E+0	0.000
0.000000	0.000000E+0	0.000000E+0	0.000
0.000000	0.000000E+0	0.000000E+0	0.000
0.000000	0.000000E+0	0.000000E+0	0.000
0.000000	0.000000E+0	0.000000E+0	0.000
0.000000	0.000000E+0	0.000000E+0	0.000
0.000000	0.000000E+0	0.000000E+0	0.000
0.000000	0.000000E+0	0.000000E+0	0.000
0.000000	0.000000E+0	0.000000E+0	0.000
0.000000	0.000000E+0	0.000000E+0	0.000
0.000000	0.000000E+0	0.000000E+0	0.000
0.000000	0.000000E+0	0.000000E+0	0.000
0.000000	0.000000E+0	0.000000E+0	0.000
0.000000	0.000000E+0	0.000000E+0	0.000
0.000000	0.000000E+0	0.000000E+0	0.000
0.000000	0.000000E+0	0.000000E+0	0.000
0.000000	0.000000E+0	0.000000E+0	0.000
0.000000	0.000000E+0	0.000000E+0	0.000
0.000000	0.000000E+0	0.000000E+0	0.000
0.000000	0.000000E+0	0.000000E+0	0.000
0.000000	0.000000E+0	0.000000E+0	0.000
0.000000	0.000000E+0	0.000000E+0	0.000
0.000000	0.000000E+0	0.000000E+0	0.000
0.000000	0.000000E+0	0.000000E+0	0.000
0.000000	0.000000E+0	0.000000E+0	0.000
0.000000	0.000000E+0	0.000000E+0	0.000
0.000000	0.000000E+0	0.000000E+0	0.000
0.000000	0.000000E+0	0.000000E+0	0.000
0.000000	0.000000E+0	0.000000E+0	0.000
0.000000	0.000000E+0	0.000000E+0	0.000
0.000000	0.000000E+0	0.000000E+0	0.000
0.000000	0.000000E+0	0.000000E+0	0.000
0.000000	0.000000E+0	0.000000E+0	0.000
0.000000	0.000000E+0	0.000000E+0	0.000
0.000000	0.000000E+0	0.000000E+0	0.000
0.000000	0.000000E+0	0.000000E+0	0.000
0.000000	0.000000E+0	0.000000E+0	0.000
0.000000	0.000000E+0	0.000000E+0	0.000
0.000000	0.000000E+0	0.000000E+0	0.000
0.000000	0.000000E+0	0.000000E+0	0.000
0.000000	0.000000E+0	0.000000E+0	0.000
0.000000	0.000000E+0	0.000000E+0	0.000
0.000000	0.000000E+0	0.000000E+0	0.000
0.000000	0.000000E+0	0.000000E+0	0.000
0.000000	0.000000E+0	0.000000E+0	0.000
0.000000	0.000000E+0	0.000000E+0	0.000
0.000000	0.000000E+0	0.000000E+0	0.000
0.000000	0.000000E+0	0.000000E+0	0.000
0.000000	0.000000E+0	0.000000E+0	0.000
0.000000	0.000000E+0	0.000000E+0	0.000
0.000000	0.000000E+0	0.000000E+0	0.000
0.000000	0.000000E+0	0.000000E+0	0.000
0.000000	0.000000E+0	0.000000E+0	0.000
0.000000	0.000000E+0	0.000000E+0	0.000
0.000000	0.000000E+0	0.000000E+0	0.000
0.000000	0.000000E+0	0.000000E+0	0.000
0.000000	0.000000E+0	0.000000E+0	0.000
0.000000	0.000000E+0	0.000000E+0	0.000
0.000000	0.000000E+0	0.000000E+0	0.000
0.000000	0.000000E+0	0.000000E+0	0.000
0.000000	0.000000E+0	0.000000E+0	0.000
0.000000	0.000000E+0	0.000000E+0	0.000
0.000000	0.000000E+0	0.000000E+0	0.000
0.000000	0.000000E+0	0.000000E+0	0.000
0.000000	0.000000E+0	0.000000E+0	0.000
0.000000	0.000000E+0	0.000000E+0	0.000
0.000000	0.000000E+0	0.000000E+0	0.000
0.000000	0.000000E+0	0.000000E+0	0.000
0.000000	0.000000E+0	0.000000E+0	0.000
0.000000	0.000000E+0	0.000000E+0	0.000
0.000000	0.000000E+0	0.000000E+0	0.000
0.000000	0.000000E+0	0.000000E+0	0.000
0.000000	0.000000E+0	0.000000E+0	0.000
0.000000	0.000000E+0	0.000000E+0	0.000
0.000000	0.000000E+0	0.000000E+0	0.000
0.000000	0.000000E+0	0.000000E+0	0.000
0.000000	0.000000E+0	0.000000E+0	0.000
0.000000	0.000000E+0	0.000000E+0	0.000
0.000000	0.000000E+0	0.000000E+0	0.000
0.000000	0.000000E+0	0.000000E+0	0.000
