Friday, November 30, 2007 07:09:23 PM
2.269655	8.646316E+0	7.469770E-1	318.613
2.273424	8.608319E+0	7.469770E-1	318.613
2.277147	8.571389E+0	7.477400E-1	318.613
2.280824	8.517064E+0	7.485030E-1	318.613
2.284470	8.445342E+0	7.486556E-1	318.552
2.288100	8.338064E+0	7.480452E-1	318.552
2.291761	8.198435E+0	7.466718E-1	318.552
2.295360	8.055601E+0	7.436198E-1	318.552
2.298975	7.949087E+0	7.399574E-1	318.552
2.302575	7.861036E+0	7.349216E-1	318.552
2.306174	7.800912E+0	7.275968E-1	318.552
2.309773	7.824412E+0	7.173726E-1	318.552
2.313388	7.912005E+0	7.050120E-1	318.583
2.316972	8.063842E+0	6.958560E-1	318.583
2.320556	8.254439E+0	6.944826E-1	318.583
2.324186	8.360801E+0	6.979924E-1	318.583
2.327786	8.293963E+0	7.019600E-1	318.583
2.331385	8.254592E+0	7.082166E-1	318.583
2.334969	8.499057E+0	7.207298E-1	318.583
2.338584	8.750389E+0	7.280546E-1	318.522
2.342168	8.868044E+0	7.294280E-1	318.522
2.345798	8.903600E+0	7.298858E-1	318.522
2.349351	8.916723E+0	7.301910E-1	318.522
2.352982	8.918249E+0	7.304962E-1	318.522
2.356596	8.917334E+0	7.300384E-1	318.522
2.360165	8.909093E+0	7.298858E-1	318.522
2.363780	8.898259E+0	7.292754E-1	318.552
2.367364	8.885745E+0	7.285124E-1	318.552
2.370978	8.870791E+0	7.277494E-1	318.552
2.374562	8.853394E+0	7.271390E-1	318.552
2.378208	8.834319E+0	7.262234E-1	318.552
2.381792	8.816160E+0	7.251552E-1	318.552
2.385376	8.793422E+0	7.240870E-1	318.552
2.389006	8.770685E+0	7.230188E-1	318.552
2.392590	8.745201E+0	7.214928E-1	318.522
2.396174	8.717275E+0	7.201194E-1	318.522
2.399820	8.691333E+0	7.187460E-1	318.522
2.403373	8.662186E+0	7.175252E-1	318.522
2.406988	8.633498E+0	7.156940E-1	318.522
2.410587	8.599163E+0	7.138628E-1	318.522
2.414202	8.567117E+0	7.121842E-1	318.522
2.417770	8.531866E+0	7.103530E-1	318.491
2.421385	8.496768E+0	7.079114E-1	318.491
2.424985	8.459534E+0	7.060802E-1	318.491
2.428553	8.420163E+0	7.034860E-1	318.491
2.432199	8.380334E+0	7.011970E-1	318.491
2.435767	8.339285E+0	6.987554E-1	318.491
2.439367	8.296099E+0	6.963138E-1	318.491
2.442982	8.251845E+0	6.934144E-1	318.491
2.446581	8.206370E+0	6.906676E-1	318.491
2.450165	8.163337E+0	6.877682E-1	318.491
2.453795	8.116641E+0	6.848688E-1	318.491
2.457364	8.075745E+0	6.821220E-1	318.491
2.460994	8.030270E+0	6.790700E-1	318.491
2.464562	7.984948E+0	6.763232E-1	318.491
2.468177	7.942983E+0	6.734238E-1	318.491
2.471792	7.899644E+0	6.703718E-1	318.430
2.475391	7.857221E+0	6.677776E-1	318.430
2.478991	7.818614E+0	6.648782E-1	318.430
2.482590	7.777412E+0	6.618262E-1	318.430
2.486205	7.737430E+0	6.593846E-1	318.430
2.489774	7.701875E+0	6.567904E-1	318.430
2.493388	7.662656E+0	6.546540E-1	318.430
2.496988	7.626948E+0	6.519072E-1	318.491
2.500603	7.590934E+0	6.496182E-1	318.491
2.504187	7.555073E+0	6.473292E-1	318.491
2.507770	7.518755E+0	6.451928E-1	318.491
2.511385	7.485640E+0	6.430564E-1	318.491
2.515000	7.450237E+0	6.407674E-1	318.491
2.518569	7.416970E+0	6.386310E-1	318.491
2.522183	7.381415E+0	6.363420E-1	318.430
2.525783	7.346469E+0	6.342056E-1	318.430
2.529367	7.314423E+0	6.322218E-1	318.430
2.532966	7.278104E+0	6.297802E-1	318.430
2.536566	7.245601E+0	6.273386E-1	318.430
2.540180	7.212334E+0	6.255074E-1	318.430
2.543780	7.177999E+0	6.238288E-1	318.430
2.547379	7.143816E+0	6.213872E-1	318.430
2.550963	7.108413E+0	6.192508E-1	318.461
2.554578	7.074231E+0	6.166566E-1	318.461
2.558193	7.037149E+0	6.145202E-1	318.461
2.561792	7.002661E+0	6.122312E-1	318.461
2.565392	6.966190E+0	6.097896E-1	318.461
2.568991	6.931855E+0	6.070428E-1	318.461
2.572590	6.893247E+0	6.049064E-1	318.461
2.576190	6.855708E+0	6.023122E-1	318.430
2.579774	6.818473E+0	5.995654E-1	318.430
2.583388	6.778950E+0	5.968186E-1	318.430
2.586988	6.741105E+0	5.942244E-1	318.430
2.590587	6.700361E+0	5.911724E-1	318.430
2.594187	6.662669E+0	5.887308E-1	318.430
2.597755	6.624824E+0	5.858314E-1	318.430
2.601385	6.584537E+0	5.827794E-1	318.461
2.604985	6.545624E+0	5.798800E-1	318.461
2.608615	6.501370E+0	5.766754E-1	318.461
2.612168	6.467798E+0	5.737760E-1	318.461
2.615783	6.426902E+0	5.710292E-1	318.461
2.619398	6.387989E+0	5.685876E-1	318.461
2.622951	6.350602E+0	5.655356E-1	318.461
2.626581	6.313215E+0	5.624836E-1	318.461
2.630196	6.273081E+0	5.594316E-1	318.430
2.633780	6.236762E+0	5.568374E-1	318.430
2.637364	6.196476E+0	5.542432E-1	318.430
2.640994	6.161225E+0	5.513438E-1	318.430
2.644547	6.124143E+0	5.485970E-1	318.430
2.648193	6.086756E+0	5.460028E-1	318.430
2.651777	6.049980E+0	5.431034E-1	318.430
2.655392	6.009388E+0	5.406618E-1	318.400
2.658991	5.965592E+0	5.374572E-1	318.400
2.662606	5.916912E+0	5.348630E-1	318.400
2.666174	5.868691E+0	5.315058E-1	318.400
2.669789	5.822911E+0	5.278434E-1	318.400
2.673388	5.781404E+0	5.240284E-1	318.400
2.677003	5.746153E+0	5.209764E-1	318.400
2.680572	5.716854E+0	5.180770E-1	318.430
2.684218	5.689081E+0	5.156354E-1	318.430
2.687786	5.659476E+0	5.134990E-1	318.430
2.691370	5.619953E+0	5.110574E-1	318.430
2.694985	5.572799E+0	5.084632E-1	318.430
2.698553	5.527325E+0	5.054112E-1	318.430
2.702184	5.482308E+0	5.014436E-1	318.430
2.705798	5.442479E+0	4.980864E-1	318.430
2.709382	5.407381E+0	4.948818E-1	318.400
2.712966	5.378387E+0	4.918298E-1	318.400
2.716597	5.346036E+0	4.895408E-1	318.400
2.720150	5.317652E+0	4.877096E-1	318.400
2.723795	5.283317E+0	4.849628E-1	318.400
2.727379	5.247914E+0	4.822160E-1	318.400
2.730979	5.212663E+0	4.797744E-1	318.400
2.734563	5.176345E+0	4.771802E-1	318.339
2.738177	5.140026E+0	4.744334E-1	318.339
2.741792	5.101265E+0	4.716866E-1	318.339
2.745376	5.065404E+0	4.687872E-1	318.339
2.748991	5.026491E+0	4.661930E-1	318.339
2.752575	4.989562E+0	4.632936E-1	318.339
2.756205	4.951412E+0	4.600890E-1	318.339
2.759774	4.914025E+0	4.574948E-1	318.308
2.763389	4.878317E+0	4.547480E-1	318.308
2.766972	4.840472E+0	4.516960E-1	318.308
2.770603	4.803848E+0	4.489492E-1	318.308
2.774171	4.766003E+0	4.458972E-1	318.308
2.777786	4.730295E+0	4.433030E-1	318.308
2.781401	4.693366E+0	4.402510E-1	318.308
2.784954	4.658420E+0	4.373516E-1	318.369
2.788569	4.623017E+0	4.346048E-1	318.369
2.792168	4.587919E+0	4.318580E-1	318.369
2.795768	4.551905E+0	4.289586E-1	318.369
2.799367	4.519096E+0	4.260592E-1	318.369
2.802997	4.484609E+0	4.234650E-1	318.369
2.806581	4.451495E+0	4.205656E-1	318.369
2.810181	4.418991E+0	4.179714E-1	318.369
