Friday, November 30, 2007 07:22:26 PM
1.599783	2.040109E+0	1.419180E-1	308.695
1.602626	2.327150E+0	1.451226E-1	308.695
1.605406	2.463422E+0	1.535156E-1	308.695
1.608187	2.534076E+0	1.605352E-1	308.695
1.610952	2.573446E+0	1.652658E-1	308.695
1.613702	2.598778E+0	1.677074E-1	308.695
1.616421	2.610986E+0	1.690808E-1	308.695
1.619155	2.621973E+0	1.698438E-1	308.695
1.621889	2.628230E+0	1.706068E-1	308.695
1.624624	2.630977E+0	1.710646E-1	308.695
1.627343	2.635097E+0	1.713698E-1	308.695
1.630031	2.638149E+0	1.713698E-1	308.725
1.632780	2.640896E+0	1.716750E-1	308.725
1.635530	2.643032E+0	1.722854E-1	308.725
1.638233	2.644253E+0	1.721328E-1	308.725
1.640937	2.643948E+0	1.721328E-1	308.725
1.643671	2.644253E+0	1.727432E-1	308.725
1.646375	2.643337E+0	1.725906E-1	308.725
1.649140	2.642727E+0	1.727432E-1	308.725
1.651843	2.642727E+0	1.728958E-1	308.634
1.654547	2.641201E+0	1.728958E-1	308.634
1.657281	2.640590E+0	1.728958E-1	308.634
1.660015	2.638912E+0	1.732010E-1	308.634
1.662703	2.637081E+0	1.732010E-1	308.634
1.665422	2.636775E+0	1.735062E-1	308.634
1.668156	2.634639E+0	1.733536E-1	308.634
1.670875	2.632808E+0	1.732010E-1	308.634
1.673594	2.632045E+0	1.733536E-1	308.664
1.676282	2.632350E+0	1.735062E-1	308.664
1.679016	2.631282E+0	1.736588E-1	308.664
1.681797	2.630671E+0	1.735062E-1	308.664
1.684469	2.628230E+0	1.733536E-1	308.664
1.687173	2.628382E+0	1.738114E-1	308.664
1.689907	2.627314E+0	1.741166E-1	308.664
1.692626	2.627925E+0	1.739640E-1	308.664
1.695360	2.626093E+0	1.739640E-1	308.664
1.698064	2.626093E+0	1.741166E-1	308.664
1.700767	2.626246E+0	1.741166E-1	308.664
1.703517	2.623957E+0	1.742692E-1	308.664
1.706251	2.622889E+0	1.742692E-1	308.664
1.708939	2.620905E+0	1.745744E-1	308.664
1.711673	2.612817E+0	1.745744E-1	308.664
1.714377	2.600914E+0	1.744218E-1	308.634
1.717111	2.585502E+0	1.748796E-1	308.634
1.719799	2.582755E+0	1.748796E-1	308.634
1.722533	2.602593E+0	1.754900E-1	308.634
1.725252	2.616174E+0	1.754900E-1	308.634
1.728017	2.621363E+0	1.761004E-1	308.634
1.730721	2.621515E+0	1.757952E-1	308.634
1.733440	2.620295E+0	1.757952E-1	308.634
1.736174	2.620905E+0	1.759478E-1	308.634
1.738877	2.616632E+0	1.759478E-1	308.634
1.741596	2.605035E+0	1.759478E-1	308.634
1.744330	2.582755E+0	1.764056E-1	308.634
1.747049	2.543842E+0	1.767108E-1	308.634
1.749783	2.477766E+0	1.777790E-1	308.634
1.752471	2.520342E+0	1.788472E-1	308.634
1.755159	2.594353E+0	1.796102E-1	308.634
1.757894	2.621210E+0	1.797628E-1	308.664
1.760643	2.630214E+0	1.794576E-1	308.664
1.763331	2.636623E+0	1.796102E-1	308.664
1.766081	2.640590E+0	1.799154E-1	308.664
1.768800	2.644711E+0	1.803732E-1	308.664
1.771519	2.646084E+0	1.803732E-1	308.664
1.774253	2.647610E+0	1.806784E-1	308.664
1.776941	2.648678E+0	1.803732E-1	308.664
1.779675	2.649136E+0	1.809836E-1	308.634
1.782394	2.650509E+0	1.811362E-1	308.634
1.785113	2.649289E+0	1.812888E-1	308.634
1.787832	2.648678E+0	1.818992E-1	308.634
1.790566	2.647610E+0	1.820518E-1	308.634
1.793254	2.647152E+0	1.823570E-1	308.634
1.795973	2.650509E+0	1.825096E-1	308.634
1.798692	2.651883E+0	1.826622E-1	308.634
1.801426	2.655545E+0	1.826622E-1	308.634
1.804160	2.656919E+0	1.825096E-1	308.634
1.806910	2.659055E+0	1.832726E-1	308.634
1.809583	2.661954E+0	1.829674E-1	308.634
1.812317	2.663938E+0	1.832726E-1	308.634
1.815036	2.665464E+0	1.835778E-1	308.634
1.817755	2.667448E+0	1.837304E-1	308.634
1.820474	2.668364E+0	1.841882E-1	308.573
1.823161	2.666990E+0	1.847986E-1	308.573
1.825911	2.668669E+0	1.846460E-1	308.573
1.828646	2.666838E+0	1.847986E-1	308.573
1.831349	2.666532E+0	1.849512E-1	308.573
1.834037	2.663480E+0	1.854090E-1	308.573
1.836818	2.662260E+0	1.851038E-1	308.573
1.839536	2.661497E+0	1.855616E-1	308.573
1.842224	2.658597E+0	1.854090E-1	308.573
1.844959	2.656308E+0	1.855616E-1	308.573
1.847662	2.655545E+0	1.857142E-1	308.573
1.850396	2.655393E+0	1.855616E-1	308.573
1.853146	2.652493E+0	1.860194E-1	308.573
1.855803	2.652493E+0	1.860194E-1	308.573
1.858522	2.652188E+0	1.861720E-1	308.573
1.861272	2.651425E+0	1.861720E-1	308.573
1.863975	2.651730E+0	1.866298E-1	308.603
1.866725	2.651578E+0	1.867824E-1	308.603
1.869428	2.652798E+0	1.870876E-1	308.603
1.872132	2.652188E+0	1.872402E-1	308.603
1.874912	2.651578E+0	1.873928E-1	308.603
1.877600	2.652646E+0	1.875454E-1	308.603
1.880288	2.650967E+0	1.876980E-1	308.603
1.883038	2.651578E+0	1.878506E-1	308.542
1.885772	2.650357E+0	1.883084E-1	308.542
1.888476	2.647915E+0	1.880032E-1	308.542
1.891194	2.644253E+0	1.884610E-1	308.542
1.893898	2.637844E+0	1.880032E-1	308.542
1.896617	2.625483E+0	1.880032E-1	308.542
1.899366	2.605645E+0	1.875454E-1	308.542
1.902039	2.598168E+0	1.866298E-1	308.542
1.904773	2.589927E+0	1.860194E-1	308.573
1.907508	2.596031E+0	1.858668E-1	308.573
1.910242	2.595421E+0	1.861720E-1	308.573
1.912961	2.587791E+0	1.861720E-1	308.573
1.915664	2.578330E+0	1.863246E-1	308.573
1.918383	2.566885E+0	1.858668E-1	308.573
1.921133	2.554982E+0	1.855616E-1	308.573
1.923821	2.540637E+0	1.849512E-1	308.573
1.926524	2.532855E+0	1.843408E-1	308.573
1.929289	2.520647E+0	1.840356E-1	308.573
1.932008	2.487990E+0	1.829674E-1	308.573
1.934711	2.412911E+0	1.808310E-1	308.573
1.937430	2.417794E+0	1.779316E-1	308.573
1.940149	2.489516E+0	1.774738E-1	308.573
1.942853	2.516984E+0	1.802206E-1	308.573
1.945587	2.522478E+0	1.829674E-1	308.573
1.948290	2.522020E+0	1.838830E-1	308.573
1.951055	2.518816E+0	1.841882E-1	308.573
1.953774	2.515764E+0	1.843408E-1	308.573
1.956478	2.511949E+0	1.840356E-1	308.573
1.959181	2.507371E+0	1.841882E-1	308.573
1.961900	2.501419E+0	1.835778E-1	308.573
1.964634	2.496994E+0	1.835778E-1	308.573
1.967369	2.489669E+0	1.832726E-1	308.512
1.970057	2.484328E+0	1.829674E-1	308.512
1.972775	2.478224E+0	1.826622E-1	308.512
1.975525	2.469373E+0	1.822044E-1	308.512
1.978244	2.462964E+0	1.817466E-1	308.512
1.980932	2.456555E+0	1.814414E-1	308.512
1.983666	2.448162E+0	1.809836E-1	308.512
1.986385	2.440837E+0	1.808310E-1	308.512
1.989135	2.432291E+0	1.803732E-1	308.512
1.991838	2.424661E+0	1.802206E-1	308.512
1.994542	2.416726E+0	1.797628E-1	308.512
1.997260	2.409401E+0	1.789998E-1	308.512
1.999995	2.400551E+0	1.788472E-1	308.512
2.002698	2.393531E+0	1.786946E-1	308.512
2.005432	2.384833E+0	1.777790E-1	308.512
2.008136	2.376745E+0	1.774738E-1	308.512
2.010855	2.371099E+0	1.768634E-1	308.512
2.013604	2.361638E+0	1.765582E-1	308.512
2.016277	2.354313E+0	1.762530E-1	308.512
2.019058	2.347904E+0	1.757952E-1	308.512
2.021776	2.339816E+0	1.754900E-1	308.512
2.024480	2.331881E+0	1.751848E-1	308.512
2.027183	2.325319E+0	1.748796E-1	308.512
2.029918	2.317536E+0	1.745744E-1	308.512
2.032636	2.310211E+0	1.738114E-1	308.512
2.035340	2.302429E+0	1.735062E-1	308.512
2.038090	2.295257E+0	1.730484E-1	308.512
2.040793	2.288695E+0	1.725906E-1	308.512
2.043512	2.281065E+0	1.722854E-1	308.512
2.046246	2.274961E+0	1.718276E-1	308.512
2.048934	2.268094E+0	1.716750E-1	308.512
2.051637	2.261227E+0	1.712172E-1	308.512
2.054372	2.252681E+0	1.706068E-1	308.512
2.057121	2.244746E+0	1.701490E-1	308.512
2.059840	2.235743E+0	1.698438E-1	308.512
2.062559	2.227044E+0	1.692334E-1	308.512
2.065293	2.220177E+0	1.689282E-1	308.512
2.068012	2.211327E+0	1.684704E-1	308.512
2.070716	2.202171E+0	1.680126E-1	308.481
2.073404	2.194235E+0	1.675548E-1	308.481
2.076169	2.184927E+0	1.664866E-1	308.481
2.078903	2.175923E+0	1.663340E-1	308.481
2.081607	2.166920E+0	1.658762E-1	308.481
2.084294	2.158527E+0	1.651132E-1	308.481
2.087013	2.151813E+0	1.648080E-1	308.481
2.089748	2.144793E+0	1.645028E-1	308.481
2.092497	2.138689E+0	1.641976E-1	308.481
2.095185	2.131822E+0	1.637398E-1	308.481
2.097935	2.125871E+0	1.632820E-1	308.481
2.100638	2.116562E+0	1.629768E-1	308.481
2.103357	2.106185E+0	1.623664E-1	308.481
2.106076	2.077039E+0	1.617560E-1	308.481
2.108826	2.027901E+0	1.602300E-1	308.481
2.111529	1.961978E+0	1.568728E-1	308.481
2.114248	1.902922E+0	1.536682E-1	308.481
2.116936	1.847528E+0	1.492428E-1	308.481
2.119655	1.849054E+0	1.457330E-1	308.481
2.122389	1.881405E+0	1.448174E-1	308.481
2.125124	1.918182E+0	1.455804E-1	308.481
2.127811	1.943208E+0	1.480220E-1	308.481
2.130577	1.951449E+0	1.501584E-1	308.481
2.133280	1.947939E+0	1.510740E-1	308.481
2.135999	1.924439E+0	1.516844E-1	308.420
2.138702	1.871486E+0	1.501584E-1	308.420
2.141437	1.793050E+0	1.472590E-1	308.420
2.144155	1.682568E+0	1.431388E-1	308.420
2.146843	1.604284E+0	1.367296E-1	308.420
2.149609	1.563234E+0	1.307782E-1	308.420
2.152312	1.536529E+0	1.262002E-1	308.420
2.155031	1.581241E+0	1.237586E-1	308.420
2.157750	1.649606E+0	1.255898E-1	308.420
2.160469	1.686230E+0	1.292522E-1	308.420
2.163172	1.699201E+0	1.319990E-1	308.420
2.165906	1.704084E+0	1.344406E-1	308.420
2.168656	1.703321E+0	1.353562E-1	308.420
2.171375	1.699811E+0	1.353562E-1	308.420
2.174063	1.694928E+0	1.355088E-1	308.420
2.176797	1.690655E+0	1.352036E-1	308.420
2.179516	1.684704E+0	1.352036E-1	308.451
2.182250	1.676158E+0	1.348984E-1	308.451
2.184954	1.668376E+0	1.344406E-1	308.451
2.187672	1.660135E+0	1.339828E-1	308.451
2.190376	1.649606E+0	1.335250E-1	308.451
2.193126	1.638619E+0	1.326094E-1	308.451
2.195829	1.627479E+0	1.323042E-1	308.451
2.198532	1.617255E+0	1.316938E-1	308.451
2.201282	1.605962E+0	1.309308E-1	308.420
2.204001	1.592991E+0	1.301678E-1	308.420
2.206751	1.582309E+0	1.294048E-1	308.420
2.209454	1.567660E+0	1.283366E-1	308.420
2.212158	1.555910E+0	1.275736E-1	308.420
2.214876	1.542328E+0	1.269632E-1	308.420
2.217580	1.529205E+0	1.258950E-1	308.420
2.220314	1.514860E+0	1.249794E-1	308.390
2.223033	1.501737E+0	1.240638E-1	308.390
2.225736	1.487545E+0	1.231482E-1	308.390
2.228486	1.473353E+0	1.220800E-1	308.390
2.231190	1.458551E+0	1.211644E-1	308.390
2.233893	1.444664E+0	1.202488E-1	308.390
2.236612	1.427573E+0	1.188754E-1	308.390
2.239377	1.411703E+0	1.178072E-1	308.390
2.242080	1.393848E+0	1.167390E-1	308.359
2.244815	1.375079E+0	1.150604E-1	308.359
2.247518	1.352952E+0	1.136870E-1	308.359
2.250221	1.332045E+0	1.121610E-1	308.359
2.252971	1.312970E+0	1.109402E-1	308.359
2.255675	1.291454E+0	1.095668E-1	308.359
2.258409	1.271158E+0	1.081934E-1	308.359
2.261128	1.251320E+0	1.068200E-1	308.359
2.263816	1.231787E+0	1.054466E-1	308.390
2.266550	1.214543E+0	1.045310E-1	308.390
2.269269	1.195316E+0	1.033102E-1	308.390
2.272003	1.180361E+0	1.022420E-1	308.390
2.274707	1.165864E+0	1.014790E-1	308.390
2.277456	1.151672E+0	1.004108E-1	308.390
2.280160	1.137023E+0	9.949520E-2	308.390
