Sunday, December 02, 2007 02:42:07 PM
2.729347	1.828148E-1	1.178225E+0	225.227
2.737887	3.856202E-1	1.718581E+0	225.227
2.746304	4.285008E-1	1.958316E+0	225.227
2.754565	4.549006E-1	2.033242E+0	225.227
2.762827	4.770276E-1	2.080091E+0	225.227
2.771120	4.925928E-1	2.099623E+0	225.227
2.779196	5.052586E-1	2.111068E+0	225.227
2.787396	5.177718E-1	2.113663E+0	225.227
2.795596	5.299798E-1	2.119767E+0	225.196
2.803765	5.409670E-1	2.117478E+0	225.196
2.811903	5.530224E-1	2.117935E+0	225.196
2.820041	5.641622E-1	2.114731E+0	225.196
2.828210	5.765228E-1	2.116104E+0	225.196
2.836441	5.887308E-1	2.112747E+0	225.227
2.844610	6.004810E-1	2.110305E+0	225.227
2.852717	6.108578E-1	2.104659E+0	225.227
2.860917	6.216924E-1	2.103438E+0	225.227
2.869055	6.319166E-1	2.099013E+0	225.227
2.877223	6.404622E-1	2.098555E+0	225.227
2.885361	6.499234E-1	2.092756E+0	225.227
2.893530	6.577060E-1	2.088789E+0	225.227
2.901668	6.639626E-1	2.082380E+0	225.227
2.909868	6.696088E-1	2.078565E+0	225.227
2.918006	6.728134E-1	2.070324E+0	225.227
2.926175	6.738816E-1	2.065441E+0	225.227
2.934282	6.737290E-1	2.056438E+0	225.135
2.942482	6.708296E-1	2.051707E+0	225.135
2.950651	6.650308E-1	2.044993E+0	225.135
2.958789	6.578586E-1	2.042246E+0	225.135
2.966989	6.482448E-1	2.034463E+0	225.135
2.975189	6.375628E-1	2.029580E+0	225.135
2.983265	6.250496E-1	2.021797E+0	225.227
2.991465	6.134520E-1	2.009895E+0	225.227
2.999634	6.006336E-1	1.995398E+0	225.227
3.007803	5.876626E-1	1.983800E+0	225.227
3.015910	5.746916E-1	1.972660E+0	225.227
3.024048	5.592790E-1	1.963046E+0	225.227
3.032217	5.415774E-1	1.944887E+0	225.227
3.040417	5.241810E-1	1.906432E+0	225.227
3.048555	5.313532E-1	1.879116E+0	225.227
3.056755	5.798800E-1	1.878048E+0	225.227
3.064893	6.493130E-1	1.877743E+0	225.227
3.073062	7.018074E-1	1.875759E+0	225.227
3.081200	7.127946E-1	1.863551E+0	225.227
3.089338	7.091322E-1	1.832268E+0	225.227
3.097568	6.676250E-1	1.849054E+0	225.227
3.105676	6.918884E-1	1.895139E+0	225.227
3.113845	8.736350E-1	1.849817E+0	225.227
3.122013	9.708412E-1	1.820213E+0	225.196
3.130182	1.010517E+0	1.825249E+0	225.196
3.138320	1.030660E+0	1.820671E+0	225.196
3.146458	1.045768E+0	1.818534E+0	225.196
3.154689	1.057518E+0	1.806937E+0	225.196
3.162796	1.067284E+0	1.795644E+0	225.196
3.170996	1.075677E+0	1.792745E+0	225.227
3.179134	1.083307E+0	1.783284E+0	225.227
3.187303	1.089259E+0	1.772754E+0	225.227
3.195410	1.095668E+0	1.764514E+0	225.227
3.203610	1.101314E+0	1.754137E+0	225.227
3.211779	1.106350E+0	1.745744E+0	225.227
3.219948	1.112454E+0	1.735062E+0	225.227
3.228055	1.117490E+0	1.728958E+0	225.227
3.236224	1.121763E+0	1.721633E+0	225.227
3.244424	1.126035E+0	1.715987E+0	225.227
3.252562	1.129545E+0	1.705610E+0	225.227
3.260700	1.132292E+0	1.698438E+0	225.166
3.268900	1.133818E+0	1.692029E+0	225.166
3.277069	1.134734E+0	1.682110E+0	225.166
3.285238	1.134123E+0	1.674022E+0	225.166
3.293345	1.133360E+0	1.659372E+0	225.166
3.301545	1.131834E+0	1.651132E+0	225.166
3.309745	1.129850E+0	1.636788E+0	225.105
3.317790	1.126188E+0	1.626258E+0	225.105
3.326021	1.122526E+0	1.612829E+0	225.105
3.334190	1.118558E+0	1.601690E+0	225.105
3.342328	1.115201E+0	1.585667E+0	225.105
3.350496	1.111233E+0	1.575290E+0	225.105
3.358665	1.108639E+0	1.566592E+0	225.166
3.366803	1.105740E+0	1.552705E+0	225.166
3.374910	1.103756E+0	1.544159E+0	225.166
3.383110	1.101925E+0	1.531951E+0	225.166
3.391310	1.100093E+0	1.526610E+0	225.166
3.399448	1.098415E+0	1.514555E+0	225.166
3.407617	1.097652E+0	1.506162E+0	225.166
3.415786	1.097347E+0	1.495480E+0	225.166
3.423986	1.097499E+0	1.490444E+0	225.166
3.432093	1.098873E+0	1.481899E+0	225.166
3.440169	1.099788E+0	1.478541E+0	225.166
3.448400	1.101772E+0	1.468317E+0	225.166
3.456507	1.103451E+0	1.463434E+0	225.166
3.464738	1.105129E+0	1.455041E+0	225.166
3.472907	1.106045E+0	1.452142E+0	225.166
3.481045	1.106197E+0	1.441002E+0	225.166
3.489214	1.105129E+0	1.434287E+0	225.166
3.497383	1.104214E+0	1.422232E+0	225.135
3.505490	1.102535E+0	1.415365E+0	225.135
3.513690	1.096889E+0	1.402547E+0	225.135
3.521828	1.096126E+0	1.397969E+0	225.135
3.529997	1.096584E+0	1.388355E+0	225.135
3.538166	1.096126E+0	1.383777E+0	225.135
3.546304	1.089717E+0	1.373400E+0	225.105
3.554473	1.085139E+0	1.359819E+0	225.105
3.562673	1.082087E+0	1.352036E+0	225.105
3.570749	1.078119E+0	1.340133E+0	225.105
3.579010	1.073694E+0	1.333724E+0	225.105
3.587087	1.070794E+0	1.324110E+0	225.166
3.595256	1.068963E+0	1.319227E+0	225.166
3.603486	1.066674E+0	1.310987E+0	225.166
3.611593	1.064690E+0	1.306866E+0	225.166
3.619793	1.063012E+0	1.299847E+0	225.166
3.627962	1.061333E+0	1.298626E+0	225.166
3.636100	1.058128E+0	1.291149E+0	225.166
3.644238	1.054466E+0	1.286723E+0	225.166
3.652407	1.049583E+0	1.278330E+0	225.166
3.660545	1.042716E+0	1.273294E+0	225.166
3.668714	1.034933E+0	1.264596E+0	225.166
3.676883	1.025167E+0	1.258950E+0	225.166
3.685021	1.015095E+0	1.247505E+0	225.135
3.693190	1.004413E+0	1.240485E+0	225.135
3.701359	9.929682E-1	1.226446E+0	225.135
3.709528	9.810654E-1	1.221258E+0	225.135
3.717728	9.680944E-1	1.212712E+0	225.135
3.725897	9.546656E-1	1.201878E+0	225.135
3.734035	9.404738E-1	1.193179E+0	225.135
3.742173	9.264346E-1	1.182955E+0	225.135
3.750311	9.119376E-1	1.173494E+0	225.135
3.758511	8.969828E-1	1.160981E+0	225.135
3.766649	8.841644E-1	1.152283E+0	225.135
3.774787	8.719564E-1	1.140532E+0	225.135
3.782956	8.603588E-1	1.136107E+0	225.166
3.791125	8.516606E-1	1.125578E+0	225.166
3.799294	8.426572E-1	1.115201E+0	225.166
3.807463	8.365532E-1	1.109555E+0	225.166
3.815662	8.318226E-1	1.103145E+0	225.166
3.823769	8.283128E-1	1.100704E+0	225.105
3.831907	8.261764E-1	1.103603E+0	225.105
3.840107	8.255660E-1	1.091700E+0	225.105
3.848245	8.246504E-1	1.089259E+0	225.105
3.856414	8.249556E-1	1.086817E+0	225.105
3.864583	8.248030E-1	1.083155E+0	225.105
3.872721	8.241926E-1	1.080713E+0	225.074
3.880890	8.232770E-1	1.080103E+0	225.074
3.889059	8.208354E-1	1.075372E+0	225.074
3.897290	8.180886E-1	1.074304E+0	225.074
3.905366	8.130528E-1	1.067742E+0	225.074
3.913535	8.078644E-1	1.063927E+0	225.074
3.921673	8.020656E-1	1.055534E+0	225.074
3.929842	7.942830E-1	1.048820E+0	225.074
3.938042	7.854322E-1	1.043937E+0	225.074
3.946180	7.747502E-1	1.041953E+0	225.074
3.954318	7.619318E-1	1.031271E+0	225.074
3.962456	7.465192E-1	1.019826E+0	225.074
3.970625	7.280546E-1	1.010975E+0	225.105
3.978794	7.068432E-1	1.002582E+0	225.105
3.987025	6.810538E-1	9.864064E-1	225.105
3.995132	6.522124E-1	9.687048E-1	225.105
4.003239	6.212346E-1	9.514610E-1	225.105
4.011408	5.868996E-1	9.302496E-1	225.105
4.019639	5.508860E-1	9.146844E-1	225.105
4.027808	5.133464E-1	8.939308E-1	225.105
4.035884	4.764172E-1	8.728720E-1	225.105
4.044145	4.404036E-1	8.570016E-1	225.105
4.052283	4.065264E-1	8.394526E-1	225.105
4.060360	3.755486E-1	8.283128E-1	225.105
4.068590	3.453338E-1	8.095430E-1	225.105
4.076728	3.180184E-1	7.991662E-1	225.105
4.084835	2.939076E-1	7.871108E-1	225.105
4.093097	2.722384E-1	7.773444E-1	225.105
4.101235	2.533160E-1	7.634578E-1	225.105
4.109342	2.366826E-1	7.543018E-1	225.074
4.117511	2.214226E-1	7.474348E-1	225.074
4.125680	2.060100E-1	7.323274E-1	225.074
4.133849	1.924286E-1	7.181356E-1	225.074
4.142018	1.799154E-1	7.065380E-1	225.074
4.150156	1.681652E-1	6.923462E-1	225.074
4.158325	1.568728E-1	6.805960E-1	225.074
4.166525	1.463434E-1	6.650308E-1	225.074
4.174663	1.365770E-1	6.563326E-1	225.074
4.182770	1.278788E-1	6.421408E-1	225.074
4.190970	1.196384E-1	6.332900E-1	225.074
4.199108	1.120084E-1	6.224554E-1	225.074
4.207308	1.037680E-1	6.180300E-1	225.105
4.215446	9.598540E-2	6.027700E-1	225.105
4.223584	8.759240E-2	5.840002E-1	225.105
4.231784	7.874160E-2	5.592790E-1	225.105
4.239953	7.034860E-2	5.240284E-1	225.105
4.248060	6.226080E-2	4.880148E-1	225.074
4.256291	5.859840E-2	4.669560E-1	225.074
4.264429	6.287120E-2	4.709236E-1	225.074
4.272567	7.767340E-2	5.029696E-1	225.074
4.280705	1.019368E-1	5.440190E-1	225.074
4.288904	1.278788E-1	5.669090E-1	225.074
4.297042	1.416128E-1	5.806430E-1	225.074
4.305180	1.574832E-1	5.846106E-1	225.074
4.313411	1.770160E-1	5.527172E-1	225.074
4.321549	1.779316E-1	5.040378E-1	225.074
4.329656	1.815940E-1	4.635988E-1	225.074
4.337856	1.490902E-1	4.483388E-1	225.074
4.346025	1.104824E-1	4.448290E-1	225.043
4.354163	1.469538E-1	4.080524E-1	225.043
4.362332	3.238172E-1	3.261062E-1	225.043
4.370532	5.363890E-1	2.664396E-1	225.043
4.378701	6.784596E-1	2.475172E-1	225.043
4.386777	7.703248E-1	2.418710E-1	225.043
4.395008	8.380792E-1	2.409554E-1	225.043
4.403084	8.905736E-1	2.375982E-1	225.043
4.411315	9.345224E-1	2.372930E-1	225.043
4.419453	9.703834E-1	2.342410E-1	225.043
4.427591	1.001666E+0	2.359196E-1	225.043
4.435729	1.028219E+0	2.336306E-1	225.013
4.443898	1.052787E+0	2.339358E-1	225.013
4.452036	1.074304E+0	2.301208E-1	225.013
4.460267	1.092921E+0	2.308838E-1	225.013
4.468467	1.109707E+0	2.284422E-1	225.013
4.476605	1.125425E+0	2.293578E-1	225.013
4.484774	1.138854E+0	2.272214E-1	225.013
4.492881	1.150757E+0	2.253902E-1	225.013
4.501081	1.161286E+0	2.224908E-1	225.013
4.509157	1.171358E+0	2.240168E-1	225.013
4.517357	1.179445E+0	2.203544E-1	225.013
4.525495	1.187381E+0	2.206596E-1	225.013
4.533663	1.194400E+0	2.189810E-1	225.013
4.541863	1.200657E+0	2.195914E-1	225.013
4.550063	1.206150E+0	2.206596E-1	225.013
4.558139	1.211034E+0	2.160816E-1	225.013
4.566339	1.215459E+0	2.134874E-1	225.013
4.574508	1.218664E+0	2.154712E-1	225.013
4.582615	1.220953E+0	2.160816E-1	225.043
4.590815	1.222784E+0	2.124192E-1	225.043
4.598953	1.224157E+0	2.133348E-1	225.043
4.607153	1.225836E+0	2.096724E-1	225.043
4.615322	1.226141E+0	2.111984E-1	225.043
4.623429	1.225531E+0	2.078412E-1	225.043
4.631629	1.225225E+0	2.116562E-1	225.043
4.639798	1.223394E+0	2.084516E-1	225.043
4.647905	1.222021E+0	2.052470E-1	225.043
4.656136	1.219732E+0	2.057048E-1	225.043
4.664212	1.217595E+0	2.021950E-1	225.043
4.672412	1.214543E+0	2.017372E-1	225.043
4.680612	1.211491E+0	2.038736E-1	225.043
4.688750	1.208287E+0	2.017372E-1	225.043
4.696857	1.204014E+0	2.006690E-1	225.043
4.705088	1.200046E+0	1.980748E-1	225.043
4.713195	1.196384E+0	1.996008E-1	225.043
4.721395	1.191348E+0	1.983800E-1	225.013
4.729564	1.186923E+0	1.968540E-1	225.013
4.737702	1.182497E+0	1.989904E-1	225.013
4.745840	1.176699E+0	1.945650E-1	225.013
4.753978	1.171510E+0	1.950228E-1	225.013
4.762177	1.166474E+0	1.875454E-1	225.013
