Sunday, December 02, 2007 01:12:56 PM
1.599660	9.784102E-1	9.400160E-2	255.409
1.602564	1.273905E+0	1.574832E-1	255.348
1.605391	1.911956E+0	1.856837E-1	255.348
1.608172	2.459607E+0	1.983800E-1	255.348
1.610921	2.799783E+0	2.042398E-1	255.348
1.613656	2.981438E+0	2.081464E-1	255.348
1.616405	3.079468E+0	2.105880E-1	255.348
1.619155	3.136724E+0	2.116867E-1	255.379
1.621874	3.172188E+0	2.130296E-1	255.379
1.624593	3.195871E+0	2.138842E-1	255.379
1.627327	3.213024E+0	2.145556E-1	255.379
1.630046	3.224926E+0	2.153491E-1	255.379
1.632749	3.235608E+0	2.157764E-1	255.379
1.635499	3.245008E+0	2.165699E-1	255.348
1.638218	3.253005E+0	2.170582E-1	255.348
1.640906	3.260513E+0	2.176076E-1	255.348
1.643656	3.265884E+0	2.178518E-1	255.348
1.646390	3.270950E+0	2.181570E-1	255.348
1.649078	3.274491E+0	2.185842E-1	255.348
1.651797	3.276810E+0	2.185232E-1	255.348
1.654531	3.278947E+0	2.190726E-1	255.379
1.657250	3.280351E+0	2.194998E-1	255.379
1.659984	3.281388E+0	2.193778E-1	255.379
1.662471	3.281388E+0	2.194998E-1	255.379
1.665453	3.281266E+0	2.196219E-1	255.379
1.668156	3.280595E+0	2.198050E-1	255.379
1.670844	3.280168E+0	2.202934E-1	255.348
1.673563	3.278886E+0	2.200492E-1	255.348
1.676313	3.278031E+0	2.201713E-1	255.348
1.679001	3.277054E+0	2.200492E-1	255.348
1.681735	3.275712E+0	2.204765E-1	255.348
1.684469	3.274186E+0	2.205375E-1	255.348
1.687142	3.272415E+0	2.202934E-1	255.318
1.689861	3.271134E+0	2.201713E-1	255.318
1.692610	3.268997E+0	2.204154E-1	255.318
1.695345	3.267105E+0	2.205986E-1	255.318
1.698064	3.265335E+0	2.206596E-1	255.318
1.700767	3.263259E+0	2.205986E-1	255.318
1.703486	3.260268E+0	2.207206E-1	255.318
1.706205	3.258193E+0	2.205375E-1	255.318
1.708939	3.256118E+0	2.207817E-1	255.318
1.711627	3.253127E+0	2.206596E-1	255.318
1.714377	3.249403E+0	2.206596E-1	255.318
1.717080	3.242018E+0	2.209038E-1	255.318
1.719783	3.230298E+0	2.207817E-1	255.318
1.722533	3.214550E+0	2.214531E-1	255.348
1.725237	3.201548E+0	2.218804E-1	255.348
1.727986	3.204295E+0	2.217583E-1	255.348
1.730705	3.218212E+0	2.216362E-1	255.348
1.733409	3.228100E+0	2.214531E-1	255.348
1.736127	3.230725E+0	2.215142E-1	255.348
1.738862	3.229443E+0	2.210869E-1	255.348
1.741565	3.226819E+0	2.214531E-1	255.287
1.744299	3.221996E+0	2.216973E-1	255.287
1.747003	3.211925E+0	2.220025E-1	255.287
1.749722	3.192697E+0	2.226739E-1	255.287
1.752425	3.156378E+0	2.241999E-1	255.287
1.755175	3.102724E+0	2.256649E-1	255.287
1.757863	3.080750E+0	2.248103E-1	255.287
1.760597	3.124821E+0	2.240168E-1	255.287
1.763316	3.174507E+0	2.241389E-1	255.287
1.766050	3.201304E+0	2.244441E-1	255.287
1.768785	3.212657E+0	2.243830E-1	255.287
1.771488	3.218151E+0	2.244441E-1	255.287
1.774222	3.220959E+0	2.244441E-1	255.257
1.776957	3.222485E+0	2.248714E-1	255.257
1.779629	3.222729E+0	2.249934E-1	255.257
1.782332	3.221996E+0	2.252376E-1	255.257
1.785098	3.221142E+0	2.252986E-1	255.257
1.787801	3.219494E+0	2.253597E-1	255.257
1.790520	3.216930E+0	2.257870E-1	255.318
1.793223	3.214550E+0	2.261532E-1	255.318
1.795958	3.211864E+0	2.259701E-1	255.318
1.798676	3.209666E+0	2.263363E-1	255.318
1.801442	3.208934E+0	2.259090E-1	255.318
1.804130	3.209544E+0	2.259090E-1	255.318
1.806833	3.211314E+0	2.260311E-1	255.318
1.809567	3.213085E+0	2.262753E-1	255.348
1.812302	3.213756E+0	2.267636E-1	255.348
1.815005	3.214550E+0	2.264584E-1	255.348
1.817708	3.215587E+0	2.270078E-1	255.348
1.820427	3.216198E+0	2.271298E-1	255.348
1.823192	3.216564E+0	2.273130E-1	255.348
1.825880	3.216259E+0	2.278013E-1	255.318
1.828615	3.215099E+0	2.274961E-1	255.318
1.831349	3.213329E+0	2.277402E-1	255.318
1.834037	3.211131E+0	2.279234E-1	255.318
1.836740	3.208568E+0	2.278623E-1	255.318
1.839505	3.205210E+0	2.279844E-1	255.318
1.842209	3.202158E+0	2.276792E-1	255.257
1.844912	3.198191E+0	2.274350E-1	255.257
1.847662	3.193735E+0	2.279844E-1	255.257
1.850381	3.189828E+0	2.277402E-1	255.257
1.853069	3.186105E+0	2.281065E-1	255.257
1.855819	3.182198E+0	2.278623E-1	255.257
1.858522	3.179085E+0	2.280454E-1	255.257
1.861241	3.176338E+0	2.278013E-1	255.318
1.863960	3.173958E+0	2.280454E-1	255.318
1.866663	3.172066E+0	2.284727E-1	255.318
1.869428	3.170418E+0	2.282896E-1	255.318
1.872116	3.168525E+0	2.285338E-1	255.318
1.874835	3.166999E+0	2.285338E-1	255.318
1.877585	3.165168E+0	2.287779E-1	255.226
1.880304	3.163459E+0	2.287779E-1	255.226
1.883007	3.161933E+0	2.287779E-1	255.226
1.885741	3.159491E+0	2.289610E-1	255.226
1.888445	3.156928E+0	2.288390E-1	255.226
1.891179	3.153937E+0	2.290221E-1	255.226
1.893882	3.150030E+0	2.283506E-1	255.257
1.896617	3.145818E+0	2.282896E-1	255.257
1.899305	3.138860E+0	2.282286E-1	255.257
1.902054	3.127201E+0	2.265805E-1	255.257
1.904758	3.109317E+0	2.259090E-1	255.257
1.907492	3.091493E+0	2.252986E-1	255.257
1.910211	3.077942E+0	2.252376E-1	255.257
1.912930	3.071411E+0	2.256038E-1	255.287
1.915664	3.071594E+0	2.253597E-1	255.287
1.918383	3.066589E+0	2.251155E-1	255.287
1.921102	3.055968E+0	2.242610E-1	255.287
1.923821	3.043149E+0	2.235895E-1	255.287
1.926524	3.028194E+0	2.227350E-1	255.287
1.929258	3.012751E+0	2.218804E-1	255.287
1.931962	2.997919E+0	2.212700E-1	255.287
1.934681	2.983818E+0	2.197440E-1	255.287
1.937415	2.956594E+0	2.155933E-1	255.287
1.940118	2.902635E+0	2.121750E-1	255.287
1.942837	2.857954E+0	2.157764E-1	255.287
1.945556	2.880783E+0	2.196830E-1	255.196
1.948306	2.926258E+0	2.204154E-1	255.196
1.951009	2.951528E+0	2.214531E-1	255.196
1.953728	2.958609E+0	2.212090E-1	255.196
1.956447	2.957388E+0	2.208427E-1	255.196
1.959166	2.952932E+0	2.204765E-1	255.196
1.961900	2.946706E+0	2.203544E-1	255.196
1.964603	2.940297E+0	2.199271E-1	255.226
1.967307	2.933094E+0	2.192557E-1	255.226
1.970057	2.925037E+0	2.189505E-1	255.226
1.972714	2.916491E+0	2.184011E-1	255.226
1.975494	2.908129E+0	2.180349E-1	255.226
1.978198	2.899644E+0	2.175466E-1	255.226
1.980932	2.889939E+0	2.168751E-1	255.226
1.983635	2.880356E+0	2.165089E-1	255.226
1.986385	2.870345E+0	2.157154E-1	255.226
1.989088	2.860151E+0	2.151660E-1	255.226
1.991807	2.849591E+0	2.147387E-1	255.226
1.994542	2.839031E+0	2.138842E-1	255.226
1.997214	2.828472E+0	2.132127E-1	255.226
1.999979	2.817240E+0	2.122971E-1	255.226
2.002683	2.806802E+0	2.122971E-1	255.226
2.005417	2.796242E+0	2.118088E-1	255.226
2.008105	2.785133E+0	2.110153E-1	255.226
2.010839	2.774573E+0	2.105880E-1	255.226
2.013558	2.764074E+0	2.097334E-1	255.226
2.016308	2.753820E+0	2.091841E-1	255.196
2.018996	2.743321E+0	2.088178E-1	255.196
2.021715	2.733127E+0	2.081464E-1	255.196
2.024464	2.722567E+0	2.075360E-1	255.196
2.027199	2.712740E+0	2.068035E-1	255.196
2.029902	2.702241E+0	2.063152E-1	255.196
2.032605	2.691742E+0	2.058269E-1	255.226
2.035309	2.681853E+0	2.049113E-1	255.226
2.038059	2.671599E+0	2.045450E-1	255.226
2.040762	2.661466E+0	2.036905E-1	255.226
2.043481	2.651883E+0	2.033242E-1	255.226
2.046200	2.642177E+0	2.028970E-1	255.226
2.048919	2.632899E+0	2.019814E-1	255.226
2.051637	2.623194E+0	2.014930E-1	255.226
2.054356	2.613550E+0	2.008216E-1	255.226
2.057075	2.604088E+0	2.003333E-1	255.226
2.059809	2.593773E+0	1.999060E-1	255.226
2.062559	2.583274E+0	1.992346E-1	255.226
2.065247	2.572775E+0	1.985631E-1	255.226
2.067966	2.562032E+0	1.978306E-1	255.165
2.070700	2.551228E+0	1.973423E-1	255.165
2.073404	2.539813E+0	1.964878E-1	255.165
2.076122	2.528582E+0	1.953890E-1	255.165
2.078857	2.517229E+0	1.951449E-1	255.165
2.081560	2.505814E+0	1.942293E-1	255.165
2.084294	2.494278E+0	1.936799E-1	255.165
2.086998	2.482741E+0	1.930085E-1	255.165
2.089701	2.471998E+0	1.921539E-1	255.165
2.092482	2.461316E+0	1.917266E-1	255.165
2.095170	2.451611E+0	1.910552E-1	255.165
2.097904	2.442088E+0	1.906890E-1	255.165
2.100608	2.433421E+0	1.903227E-1	255.196
2.103326	2.424875E+0	1.887357E-1	255.196
2.106045	2.416146E+0	1.887357E-1	255.196
2.108780	2.404121E+0	1.871486E-1	255.196
2.111483	2.382574E+0	1.845850E-1	255.196
2.114202	2.343081E+0	1.800680E-1	255.196
2.116936	2.286131E+0	1.751238E-1	255.196
2.119655	2.220086E+0	1.706678E-1	255.135
2.122358	2.157398E+0	1.682262E-1	255.135
2.125093	2.121689E+0	1.695691E-1	255.135
2.127796	2.125718E+0	1.722549E-1	255.135
2.130546	2.153247E+0	1.744523E-1	255.135
2.133265	2.183706E+0	1.758562E-1	255.135
2.135968	2.202506E+0	1.759173E-1	255.165
2.138687	2.207267E+0	1.753069E-1	255.165
2.141437	2.194937E+0	1.724990E-1	255.165
2.144140	2.158924E+0	1.671275E-1	255.165
2.146843	2.090864E+0	1.599858E-1	255.165
2.149562	1.994116E+0	1.523558E-1	255.165
2.152281	1.895475E+0	1.475337E-1	255.196
2.155015	1.823143E+0	1.437492E-1	255.196
2.157719	1.780048E+0	1.448479E-1	255.196
2.160422	1.779377E+0	1.496701E-1	255.196
2.163172	1.820945E+0	1.538208E-1	255.196
2.165875	1.871975E+0	1.560793E-1	255.196
2.168641	1.904265E+0	1.568118E-1	255.196
2.171344	1.918548E+0	1.566286E-1	255.196
2.174032	1.920990E+0	1.569338E-1	255.196
2.176766	1.918548E+0	1.564455E-1	255.196
2.179516	1.913482E+0	1.562014E-1	255.196
2.182219	1.906462E+0	1.559572E-1	255.196
2.184907	1.899504E+0	1.551026E-1	255.196
2.187672	1.891385E+0	1.549195E-1	255.165
2.190345	1.881863E+0	1.538818E-1	255.165
2.193095	1.871670E+0	1.532714E-1	255.165
2.195783	1.859706E+0	1.525390E-1	255.165
2.198517	1.847009E+0	1.515013E-1	255.165
2.201251	1.834130E+0	1.510130E-1	255.165
2.203970	1.820396E+0	1.498532E-1	255.165
2.206689	1.806601E+0	1.488766E-1	255.165
2.209454	1.792806E+0	1.480830E-1	255.165
2.212111	1.778522E+0	1.470454E-1	255.165
2.214815	1.764239E+0	1.463129E-1	255.165
2.217595	1.749406E+0	1.448479E-1	255.165
2.220299	1.734024E+0	1.438102E-1	255.165
2.222987	1.718581E+0	1.428336E-1	255.135
2.225721	1.702650E+0	1.415518E-1	255.135
2.228440	1.686718E+0	1.406972E-1	255.135
2.231174	1.670176E+0	1.391102E-1	255.135
2.233893	1.654245E+0	1.380725E-1	255.135
2.236581	1.637520E+0	1.367906E-1	255.135
2.239331	1.620673E+0	1.353257E-1	255.135
2.242034	1.602544E+0	1.343490E-1	255.135
2.244799	1.583744E+0	1.323347E-1	255.135
2.247487	1.564150E+0	1.311139E-1	255.135
2.250206	1.543946E+0	1.296490E-1	255.135
2.252925	1.521910E+0	1.278788E-1	255.135
2.255675	1.499081E+0	1.264138E-1	255.135
2.258347	1.475947E+0	1.240943E-1	255.135
2.261066	1.452935E+0	1.236060E-1	255.135
2.263816	1.429740E+0	1.218358E-1	255.135
2.266550	1.407216E+0	1.200657E-1	255.135
2.269238	1.385242E+0	1.192111E-1	255.135
2.271972	1.363634E+0	1.178072E-1	255.135
2.274707	1.343002E+0	1.170137E-1	255.135
2.277425	1.324385E+0	1.158539E-1	255.135
2.280113	1.306744E+0	1.149383E-1	255.135
