      0.00000     -11.2690
      5.87084     -10.8949
      11.7417     -10.5571
      17.6125     -10.0868
      23.4834     -9.52408
      29.3542     -8.85479
      35.2250     -8.05887
      41.0959     -7.18172
      46.9667     -6.26810
      52.8376     -5.59069
      58.7084     -5.19340
      64.5793     -4.76970
      70.4501     -4.25129
      76.3209     -3.42120
      82.1918     -2.02961
      88.0626     0.196852
      93.9335      2.48214
      99.8043      4.63700
      105.675      6.69365
      111.546      8.49924
      117.417      10.0634
      123.288      11.1484
      129.159      11.9160
      135.029      12.3556
      140.900      12.5035
      146.771      12.4778
      152.642      12.3524
      158.513      12.2859
      164.384      12.3377
      170.254      12.2434
      176.125      11.9230
      181.996      11.3656
      187.867      10.6041
      193.738      9.79367
      199.609      8.84137
      205.479      7.76964
      211.350      6.86720
      217.221      6.08904
      223.092      5.41886
      228.963      4.78808
      234.834      4.21130
      240.704      3.69408
      246.575      3.12247
      252.446      2.58746
      258.317      2.16505
      264.188      1.88523
      270.059      1.47381
      275.930     0.932545
      281.800     0.270243
      287.671    -0.418597
      293.542     -1.05708
      299.413     -1.74241
      305.284     -2.51218
      311.155     -3.33782
      317.025     -4.24236
      322.896     -5.12940
      328.767     -5.91944
      334.638     -6.60151
      340.509     -7.39715
      346.380     -8.21694
      352.250     -8.85661
      358.121     -9.37926
      363.992     -9.87996
      369.863     -10.4156
      375.734     -10.8726
      381.605     -11.2402
      387.476     -11.5298
      393.346     -11.7470
      399.217     -11.8499
      405.088     -11.8427
      410.959     -11.6634
      416.830     -11.3751
      422.701     -10.9008
      428.571     -10.2466
      434.442     -9.53774
      440.313     -8.67869
      446.184     -7.76806
      452.055     -6.88839
      457.926     -5.91603
      463.796     -4.97070
      469.667     -4.26076
      475.538     -3.80121
      481.409     -3.35742
      487.280     -2.44724
      493.151    -0.598313
      499.022      2.09552
      504.892      5.20417
      510.763      8.07222
      516.634      10.2105
      522.505      11.4550
      528.376      12.0632
      534.247      12.2461
      540.117      12.2450
      545.988      12.1708
      551.859      12.1054
      557.730      11.9861
      563.601      11.7276
      569.472      11.4549
      575.342      11.1503
      581.213      10.7199
      587.084      10.1400
      592.955      9.38592
      598.826      8.47120
      604.697      7.33134
      610.568      6.26236
      616.438      5.46030
      622.309      4.96700
      628.180      4.53012
      634.051      4.12435
      639.922      3.57107
      645.793      2.87067
      651.663      2.21695
      657.534      1.75745
      663.405      1.32009
      669.276     0.782587
      675.147     0.176104
      681.018    -0.390146
      686.888    -0.858113
      692.759     -1.29169
      698.630     -1.93645
      704.501     -2.78992
      710.372     -3.77938
      716.243     -4.78951
      722.114     -5.69374
      727.984     -6.43735
      733.855     -7.13225
      739.726     -7.88647
      745.597     -8.65297
      751.468     -9.25678
      757.339     -9.76592
      763.209     -10.2118
      769.080     -10.6034
      774.951     -10.9362
      780.822     -11.2407
      786.693     -11.5556
      792.564     -11.8082
      798.434     -11.9393
      804.305     -11.9103
      810.176     -11.7939
      816.047     -11.4782
      821.918     -10.9506
      827.789     -10.3480
      833.659     -9.67501
      839.530     -8.91385
      845.401     -8.01904
      851.272     -7.02262
      857.143     -5.97009
      863.014     -4.99823
      868.885     -4.24712
      874.755     -3.70165
      880.626     -3.16850
      886.497     -1.90888
      892.368     0.232400
      898.239      2.89387
      904.110      5.42249
      909.980      7.58554
      915.851      9.42949
      921.722      10.8349
      927.593      11.8227
      933.464      12.4798
      939.335      12.9274
      945.206      13.3344
      951.076      13.7583
      956.947      14.1221
      962.818      14.3306
      968.689      14.2755
      974.560      13.9012
      980.431      13.2383
      986.301      12.3090
      992.172      11.2366
      998.043      10.0100
      1003.91      8.72139
      1009.78      7.55955
      1015.66      6.55537
      1021.53      5.73276
      1027.40      5.03515
      1033.27      4.49037
      1039.14      4.04193
      1045.01      3.61421
      1050.88      3.30491
      1056.75      3.01769
      1062.62      2.64435
      1068.49      2.15298
      1074.36      1.45409
      1080.23     0.577894
      1086.11    -0.344601
      1091.98     -1.14276
      1097.85     -1.74810
      1103.72     -2.36118
      1109.59     -3.12111
      1115.46     -3.96770
      1121.33     -4.87399
      1127.20     -5.74883
      1133.07     -6.51735
      1138.94     -7.24312
      1144.81     -7.97740
      1150.68     -8.68053
      1156.56     -9.27425
      1162.43     -9.84970
      1168.30     -10.4154
      1174.17     -10.9789
      1180.04     -11.3324
      1185.91     -11.4825
      1191.78     -11.5813
      1197.65     -11.6377
      1203.52     -11.6332
      1209.39     -11.6069
      1215.26     -11.4618
      1221.14     -11.0597
      1227.01     -10.5592
      1232.88     -9.91561
      1238.75     -9.13046
      1244.62     -8.19618
      1250.49     -7.18428
      1256.36     -6.06990
      1262.23     -5.00060
      1268.10     -4.18738
      1273.97     -3.57925
      1279.84     -3.00579
      1285.71     -2.27114
      1291.59    -0.880838
      1297.46      1.25826
      1303.33      3.81322
      1309.20      6.56630
      1315.07      9.15804
      1320.94      11.1445
      1326.81      12.4305
      1332.68      13.0359
      1338.55      13.2542
      1344.42      13.2676
      1350.29      13.1429
      1356.16      12.9283
      1362.04      12.6676
      1367.91      12.4818
      1373.78      12.3147
      1379.65      12.0605
      1385.52      11.7108
      1391.39      11.2078
      1397.26      10.5694
      1403.13      9.83291
      1409.00      8.89730
      1414.87      7.80818
      1420.74      6.89448
      1426.61      6.40420
      1432.49      6.12616
      1438.36      5.66525
      1444.23      5.20448
      1450.10      4.63825
      1455.97      4.01657
      1461.84      3.41241
      1467.71      2.95357
      1473.58      2.56913
      1479.45      2.04052
      1485.32      1.50271
      1491.19     0.773726
      1497.06    0.0221830
      1502.94    -0.632501
      1508.81     -1.25792
      1514.68     -1.96418
      1520.55     -2.76721
      1526.42     -3.50504
      1532.29     -4.21712
      1538.16     -4.89640
      1544.03     -5.52995
      1549.90     -6.15616
      1555.77     -6.87014
      1561.64     -7.69417
      1567.51     -8.42248
      1573.39     -9.07181
      1579.26     -9.84390
      1585.13     -10.4847
      1591.00     -10.8719
      1596.87     -11.1523
      1602.74     -11.3666
      1608.61     -11.5110
      1614.48     -11.5815
      1620.35     -11.5913
      1626.22     -11.4632
      1632.09     -11.1639
      1637.96     -10.7108
      1643.84     -10.2103
      1649.71     -9.65781
      1655.58     -9.07900
      1661.45     -8.32903
      1667.32     -7.44269
      1673.19     -6.66363
      1679.06     -5.96404
      1684.93     -5.49679
      1690.80     -5.05773
      1696.67     -4.20322
      1702.54     -2.55578
      1708.41    0.0952444
      1714.29      3.16993
      1720.16      6.36637
      1726.03      9.18630
      1731.90      11.3038
      1737.77      12.6063
      1743.64      13.2555
      1749.51      13.4360
      1755.38      13.3035
      1761.25      13.0330
      1767.12      12.8447
      1772.99      12.7738
      1778.86      12.7105
      1784.74      12.6797
      1790.61      12.5437
      1796.48      12.2099
      1802.35      11.7797
      1808.22      11.1784
      1814.09      10.4492
      1819.96      9.50616
      1825.83      8.36689
      1831.70      7.06958
      1837.57      6.10095
      1843.44      5.62153
      1849.32      5.24088
      1855.19      4.83361
      1861.06      4.28163
      1866.93      3.65533
      1872.80      3.04193
      1878.67      2.57138
      1884.54      2.36302
      1890.41      2.14145
      1896.28      1.77006
      1902.15      1.28080
      1908.02     0.712542
      1913.89    0.0952975
      1919.77    -0.578542
      1925.64     -1.35632
      1931.51     -2.24084
      1937.38     -3.17226
      1943.25     -4.15071
      1949.12     -4.92859
      1954.99     -5.63034
      1960.86     -6.35926
      1966.73     -7.15554
      1972.60     -7.89807
      1978.47     -8.47142
      1984.34     -9.02291
      1990.22     -9.66405
      1996.09     -10.2371
      2001.96     -10.7083
      2007.83     -10.9840
      2013.70     -11.2098
      2019.57     -11.2979
      2025.44     -11.2809
      2031.31     -11.1595
      2037.18     -10.9715
      2043.05     -10.7264
      2048.92     -10.4270
      2054.79     -10.0469
      2060.67     -9.53362
      2066.54     -8.91286
      2072.41     -8.14500
      2078.28     -7.30890
      2084.15     -6.42198
      2090.02     -5.57917
      2095.89     -4.98644
      2101.76     -4.64969
      2107.63     -4.44444
      2113.50     -4.13408
      2119.37     -3.33733
      2125.24     -1.77354
      2131.12     0.220884
      2136.99      2.50580
      2142.86      5.24395
      2148.73      8.21812
      2154.60      10.5243
      2160.47      11.9188
      2166.34      12.6412
      2172.21      12.8852
      2178.08      12.8723
      2183.95      12.8582
      2189.82      12.8867
      2195.69      12.8361
      2201.57      12.6597
      2207.44      12.4454
      2213.31      12.1562
      2219.18      11.6577
      2225.05      10.9856
      2230.92      10.2140
      2236.79      9.32301
      2242.66      8.42000
      2248.53      7.71920
      2254.40      7.23608
      2260.27      6.76752
      2266.14      6.19094
      2272.02      5.61217
      2277.89      4.99464
      2283.76      4.35890
      2289.63      3.72783
      2295.50      3.09945
      2301.37      2.52883
      2307.24      1.97211
      2313.11      1.38836
      2318.98     0.780982
      2324.85     0.193081
      2330.72    -0.318455
      2336.59    -0.874591
      2342.47     -1.44810
      2348.34     -2.14381
      2354.21     -2.89263
      2360.08     -3.61311
      2365.95     -4.40610
      2371.82     -5.16076
      2377.69     -5.89310
      2383.56     -6.64168
      2389.43     -7.33764
      2395.30     -8.02697
      2401.17     -8.68324
      2407.04     -9.29728
      2412.92     -9.91482
      2418.79     -10.4148
      2424.66     -10.7695
      2430.53     -10.9754
      2436.40     -11.1257
      2442.27     -11.2579
      2448.14     -11.2273
      2454.01     -11.0579
      2459.88     -10.6621
      2465.75     -10.1800
      2471.62     -9.65603
      2477.50     -8.98758
      2483.37     -8.20125
      2489.24     -7.15450
      2495.11     -5.98975
      2500.98     -4.96776
      2506.85     -4.21183
      2512.72     -3.80136
      2518.59     -3.68147
      2524.46     -3.59241
      2530.33     -2.95099
      2536.20     -1.65984
      2542.07    -0.201176
      2547.95      1.50758
      2553.82      3.73789
      2559.69      6.17003
      2565.56      8.24909
      2571.43      9.78188
      2577.30      10.7291
      2583.17      11.1770
      2589.04      11.3170
      2594.91      11.2982
      2600.78      11.2042
      2606.65      11.1835
      2612.52      11.1626
      2618.40      10.9900
      2624.27      10.6455
      2630.14      10.1128
      2636.01      9.47282
      2641.88      8.71583
      2647.75      7.96505
      2653.62      7.20482
      2659.49      6.49096
      2665.36      5.76774
      2671.23      5.06260
      2677.10      4.49831
      2682.97      3.96556
      2688.85      3.40502
      2694.72      2.80346
      2700.59      2.24371
      2706.46      1.72038
      2712.33      1.19135
      2718.20     0.622196
      2724.07   -0.0843441
      2729.94    -0.760457
      2735.81     -1.28969
      2741.68     -1.82856
      2747.55     -2.51690
      2753.42     -3.27309
      2759.30     -4.13355
      2765.17     -5.11414
      2771.04     -5.98387
      2776.91     -6.61699
      2782.78     -7.24928
      2788.65     -7.97422
      2794.52     -8.65252
      2800.39     -9.18764
      2806.26     -9.77569
      2812.13     -10.3115
      2818.00     -10.7877
      2823.87     -11.1646
      2829.75     -11.3907
      2835.62     -11.5423
      2841.49     -11.6601
      2847.36     -11.7758
      2853.23     -11.7688
      2859.10     -11.5571
      2864.97     -11.1072
      2870.84     -10.4343
      2876.71     -9.70560
      2882.58     -8.85271
      2888.45     -7.88792
      2894.32     -6.90331
      2900.20     -6.02737
      2906.07     -5.09715
      2911.94     -3.76427
      2917.81     -1.85311
      2923.68     0.958159
      2929.55      4.48074
      2935.42      7.82748
      2941.29      10.2575
      2947.16      11.7748
      2953.03      12.4656
      2958.90      12.6015
      2964.77      12.4230
      2970.65      12.1602
      2976.52      11.9391
      2982.39      11.7295
      2988.26      11.4456
      2994.13      11.1296
      3000.00      10.7524
