      0.00000      11.9384
      5.87084      11.1869
      11.7417      10.3090
      17.6125      9.44264
      23.4834      8.82772
      29.3542      8.32210
      35.2250      7.72361
      41.0959      7.00226
      46.9667      6.31929
      52.8376      5.58742
      58.7084      4.93195
      64.5793      4.29232
      70.4501      3.74412
      76.3209      3.05784
      82.1918      2.23233
      88.0626      1.32649
      93.9335     0.538736
      99.8043   -0.0968310
      105.675    -0.675419
      111.546     -1.18202
      117.417     -1.50172
      123.288     -1.69715
      129.159     -1.93161
      135.029     -2.34705
      140.900     -3.09319
      146.771     -4.06384
      152.642     -5.12653
      158.513     -6.10562
      164.384     -6.97009
      170.254     -7.69565
      176.125     -8.40366
      181.996     -9.05086
      187.867     -9.70226
      193.738     -10.3238
      199.609     -10.9132
      205.479     -11.3242
      211.350     -11.6756
      217.221     -11.9015
      223.092     -11.9598
      228.963     -11.7332
      234.834     -11.4682
      240.704     -11.3867
      246.575     -11.5740
      252.446     -12.0490
      258.317     -12.4953
      264.188     -12.6757
      270.059     -12.6605
      275.930     -12.3822
      281.800     -11.8974
      287.671     -11.1996
      293.542     -9.99341
      299.413     -7.48535
      305.284     -3.53041
      311.155      1.41838
      317.025      5.43227
      322.896      8.25241
      328.767      10.2764
      334.638      11.7677
      340.509      12.7182
      346.380      13.3605
      352.250      13.7062
      358.121      13.9588
      363.992      14.1765
      369.863      14.1933
      375.734      14.0331
      381.605      13.6961
      387.476      13.4140
      393.346      13.2167
      399.217      12.8478
      405.088      12.4363
      410.959      12.0576
      416.830      11.7133
      422.701      11.2290
      428.571      10.6198
      434.442      9.99675
      440.313      9.40684
      446.184      8.74389
      452.055      7.89587
      457.926      6.98659
      463.796      6.09865
      469.667      5.14409
      475.538      4.23663
      481.409      3.34068
      487.280      2.31478
      493.151      1.42370
      499.022     0.580029
      504.892   -0.0396277
      510.763    -0.483104
      516.634     -1.04145
      522.505     -1.77544
      528.376     -2.53159
      534.247     -3.21685
      540.117     -3.78508
      545.988     -4.32053
      551.859     -4.98406
      557.730     -5.76621
      563.601     -6.59092
      569.472     -7.41585
      575.342     -8.10186
      581.213     -8.76650
      587.084     -9.57075
      592.955     -10.3189
      598.826     -10.9838
      604.697     -11.4958
      610.568     -11.8023
      616.438     -12.0915
      622.309     -12.4344
      628.180     -12.6107
      634.051     -12.6134
      639.922     -12.4943
      645.793     -12.6030
      651.663     -12.9430
      657.534     -13.4650
      663.405     -13.9920
      669.276     -13.9208
      675.147     -13.5742
      681.018     -13.1287
      686.888     -12.6915
      692.759     -12.0552
      698.630     -11.1187
      704.501     -9.44432
      710.372     -6.02101
      716.243     -1.63454
      722.114      2.83675
      727.984      6.49164
      733.855      9.08788
      739.726      10.7792
      745.597      11.6484
      751.468      12.0019
      757.339      12.2166
      763.209      12.4966
      769.080      12.9056
      774.951      13.4637
      780.822      13.8718
      786.693      14.0106
      792.564      13.9394
      798.434      13.7354
      804.305      13.3258
      810.176      12.7352
      816.047      12.0643
      821.918      11.3036
      827.789      10.6018
      833.659      9.80976
      839.530      8.93713
      845.401      8.13419
      851.272      7.41056
      857.143      6.64834
      863.014      5.81462
      868.885      5.06385
      874.755      4.30421
      880.626      3.58465
      886.497      2.94507
      892.368      2.45376
      898.239      2.02599
      904.110      1.63004
      909.980      1.42175
      915.851      1.31342
      921.722      1.00549
      927.593     0.479442
      933.464   -0.0895905
      939.335    -0.648713
      945.206     -1.29852
      951.076     -2.12392
      956.947     -3.20571
      962.818     -4.58479
      968.689     -6.04729
      974.560     -7.36506
      980.431     -8.32869
      986.301     -8.75914
      992.172     -9.13136
      998.043     -9.65311
      1003.91     -10.1448
      1009.78     -10.6590
      1015.66     -10.9725
      1021.53     -10.9711
      1027.40     -11.0097
      1033.27     -10.9980
      1039.14     -10.8127
      1045.01     -10.4283
      1050.88     -10.1088
      1056.75     -10.0154
      1062.62     -10.2150
      1068.49     -10.7170
      1074.36     -11.3940
      1080.23     -11.8483
      1086.11     -11.9868
      1091.98     -11.9533
      1097.85     -11.8541
      1103.72     -11.7510
      1109.59     -11.2075
      1115.46     -9.57473
      1121.33     -6.08189
      1127.20     -1.18046
      1133.07      3.55712
      1138.94      7.54056
      1144.81      10.4989
      1150.68      12.3639
      1156.56      13.3548
      1162.43      13.7429
      1168.30      13.8576
      1174.17      13.8233
      1180.04      13.8097
      1185.91      13.7700
      1191.78      13.7090
      1197.65      13.5450
      1203.52      13.2882
      1209.39      13.0064
      1215.26      12.7103
      1221.14      12.2110
      1227.01      11.5629
      1232.88      10.9473
      1238.75      10.3688
      1244.62      9.72736
      1250.49      8.94788
      1256.36      8.14876
      1262.23      7.46803
      1268.10      6.83757
      1273.97      5.96752
      1279.84      5.09925
      1285.71      4.39938
      1291.59      4.00793
      1297.46      3.71680
      1303.33      3.39356
      1309.20      2.94465
      1315.07      2.37417
      1320.94      1.69041
      1326.81     0.966940
      1332.68     0.329176
      1338.55    -0.409010
      1344.42     -1.31891
      1350.29     -2.27189
      1356.16     -3.04811
      1362.04     -3.67842
      1367.91     -4.42096
      1373.78     -5.41261
      1379.65     -6.61829
      1385.52     -7.92964
      1391.39     -8.99483
      1397.26     -9.37738
      1403.13     -9.50674
      1409.00     -9.75098
      1414.87     -10.0745
      1420.74     -10.3540
      1426.61     -10.7408
      1432.49     -10.9906
      1438.36     -11.1856
      1444.23     -11.4652
      1450.10     -11.6690
      1455.97     -11.8231
      1461.84     -11.8938
      1467.71     -11.9167
      1473.58     -12.0882
      1479.45     -12.4159
      1485.32     -12.6802
      1491.19     -12.6414
      1497.06     -12.3908
      1502.94     -12.0128
      1508.81     -11.6430
      1514.68     -11.4042
      1520.55     -11.1253
      1526.42     -9.88626
      1532.29     -6.33817
      1538.16     -1.76981
      1544.03      2.35301
      1549.90      5.69224
      1555.77      8.46421
      1561.64      10.3747
      1567.51      11.5054
      1573.39      11.9860
      1579.26      12.1576
      1585.13      12.2700
      1591.00      12.4606
      1596.87      12.7352
      1602.74      12.9590
      1608.61      13.1509
      1614.48      13.3495
      1620.35      13.5475
      1626.22      13.5508
      1632.09      13.3701
      1637.96      12.9996
      1643.84      12.5181
      1649.71      11.8998
      1655.58      11.2601
      1661.45      10.5733
      1667.32      9.86903
      1673.19      9.25333
      1679.06      8.55400
      1684.93      7.71306
      1690.80      6.80324
      1696.67      5.87474
      1702.54      4.94824
      1708.41      4.01898
      1714.29      3.26469
      1720.16      2.69290
      1726.03      2.12319
      1731.90      1.57793
      1737.77      1.08574
      1743.64     0.540059
      1749.51   -0.0489824
      1755.38    -0.613208
      1761.25     -1.19182
      1767.12     -1.72375
      1772.99     -2.32961
      1778.86     -3.06234
      1784.74     -4.04416
      1790.61     -5.27880
      1796.48     -6.53034
      1802.35     -7.52902
      1808.22     -8.34076
      1814.09     -9.08158
      1819.96     -9.81713
      1825.83     -10.3524
      1831.70     -10.8538
      1837.57     -11.1859
      1843.44     -11.3477
      1849.32     -11.5289
      1855.19     -11.7267
      1861.06     -11.8922
      1866.93     -11.9349
      1872.80     -11.9237
      1878.67     -12.0076
      1884.54     -12.3525
      1890.41     -12.8593
      1896.28     -13.2801
      1902.15     -13.1592
      1908.02     -12.7209
      1913.89     -11.7276
      1919.77     -10.2498
      1925.64     -8.09767
      1931.51     -4.55485
      1937.38    -0.101815
      1943.25      4.18776
      1949.12      7.74396
      1954.99      10.3571
      1960.86      11.9480
      1966.73      12.8665
      1972.60      13.2501
      1978.47      13.3319
      1984.34      13.2968
      1990.22      13.2048
      1996.09      13.1745
      2001.96      13.2772
      2007.83      13.4531
      2013.70      13.5053
      2019.57      13.5283
      2025.44      13.6130
      2031.31      13.4859
      2037.18      13.0116
      2043.05      12.4292
      2048.92      11.8496
      2054.79      11.1004
      2060.67      10.3161
      2066.54      9.52545
      2072.41      8.87992
      2078.28      8.32142
      2084.15      7.59746
      2090.02      6.70380
      2095.89      5.73627
      2101.76      4.64001
      2107.63      3.58542
      2113.50      2.56223
      2119.37      1.49053
      2125.24     0.604066
      2131.12    0.0886338
      2136.99   -0.0832123
      2142.86    -0.166070
      2148.73    -0.384099
      2154.60    -0.848446
      2160.47     -1.46987
      2166.34     -2.15464
      2172.21     -2.89367
      2178.08     -3.72774
      2183.95     -4.59926
      2189.82     -5.54398
      2195.69     -6.57836
      2201.57     -7.62229
      2207.44     -8.39582
      2213.31     -8.75831
      2219.18     -8.98617
      2225.05     -9.20909
      2230.92     -9.53688
      2236.79     -9.96858
      2242.66     -10.1975
      2248.53     -10.3962
      2254.40     -10.6640
      2260.27     -10.9251
      2266.14     -11.0333
      2272.02     -10.9650
      2277.89     -10.8800
      2283.76     -10.9831
      2289.63     -11.2965
      2295.50     -11.7519
      2301.37     -12.1244
      2307.24     -12.2969
      2313.11     -11.9682
      2318.98     -10.4137
      2324.85     -7.44695
      2330.72     -3.27304
      2336.59      1.10734
      2342.47      4.93192
      2348.34      7.96831
      2354.21      10.0763
      2360.08      11.2660
      2365.95      11.9256
      2371.82      12.2607
      2377.69      12.3725
      2383.56      12.4169
      2389.43      12.4933
      2395.30      12.5239
      2401.17      12.5084
      2407.04      12.4106
      2412.92      12.2888
      2418.79      12.0505
      2424.66      11.5475
      2430.53      10.8683
      2436.40      10.1274
      2442.27      9.44083
      2448.14      8.69376
      2454.01      7.82004
      2459.88      6.97641
      2465.75      6.42819
      2471.62      5.84394
      2477.50      5.05983
      2483.37      4.14168
      2489.24      3.37079
      2495.11      2.71772
      2500.98      2.10993
      2506.85      1.58834
      2512.72      1.00784
      2518.59     0.390584
      2524.46    -0.233951
      2530.33    -0.869223
      2536.20     -1.51295
      2542.07     -2.17137
      2547.95     -2.95199
      2553.82     -3.80492
      2559.69     -4.60490
      2565.56     -5.38926
      2571.43     -6.39025
      2577.30     -7.63657
      2583.17     -9.02751
      2589.04     -10.3595
      2594.91     -11.3230
      2600.78     -11.7813
      2606.65     -12.1314
      2612.52     -12.5180
      2618.40     -12.8304
      2624.27     -13.1114
      2630.14     -13.3239
      2636.01     -13.4010
      2641.88     -13.4907
      2647.75     -13.5981
      2653.62     -13.6230
      2659.49     -13.5467
      2665.36     -13.3645
      2671.23     -13.2227
      2677.10     -13.2735
      2682.97     -13.5534
      2688.85     -13.9919
      2694.72     -14.2336
      2700.59     -14.2582
      2706.46     -14.1574
      2712.33     -13.8882
      2718.20     -13.4025
      2724.07     -12.1429
      2729.94     -10.5426
      2735.81     -7.62097
      2741.68     -3.53081
      2747.55     0.497301
      2753.42      4.20133
      2759.30      7.35464
      2765.17      9.50921
      2771.04      10.7888
      2776.91      11.4625
      2782.78      11.6840
      2788.65      11.6486
      2794.52      11.6140
      2800.39      11.5515
      2806.26      11.4849
      2812.13      11.3847
      2818.00      11.1914
      2823.87      11.1197
      2829.75      11.1738
      2835.62      11.1983
      2841.49      11.2590
      2847.36      11.2040
      2853.23      10.9319
      2859.10      10.5150
      2864.97      9.92513
      2870.84      9.07591
      2876.71      8.09088
      2882.58      7.07301
      2888.45      6.17969
      2894.32      5.24800
      2900.20      4.15439
      2906.07      3.16034
      2911.94      2.43272
      2917.81      1.92744
      2923.68      1.37454
      2929.55     0.796688
      2935.42     0.109198
      2941.29    -0.570781
      2947.16     -1.02465
      2953.03     -1.46674
      2958.90     -2.04444
      2964.77     -2.71847
      2970.65     -3.55785
      2976.52     -4.66005
      2982.39     -5.82478
      2988.26     -6.84810
      2994.13     -7.88484
      3000.00     -9.02475
