      0.00000      4.25911
      9.78474      3.84374
      19.5695      3.43386
      29.3542      2.89782
      39.1389      2.38934
      48.9237      1.81242
      58.7084      1.10049
      68.4931     0.406868
      78.2779    -0.379285
      88.0626     -1.13976
      97.8474     -1.94128
      107.632     -2.83285
      117.417     -3.71018
      127.202     -4.59667
      136.986     -5.46723
      146.771     -6.39397
      156.556     -7.44789
      166.341     -8.47230
      176.125     -9.54627
      185.910     -10.6856
      195.695     -11.7294
      205.479     -12.7824
      215.264     -14.0574
      225.049     -15.2575
      234.834     -16.2998
      244.618     -17.2468
      254.403     -18.0648
      264.188     -18.0083
      273.973     -16.2483
      283.757     -12.5823
      293.542     -8.08975
      303.327     -4.44203
      313.112     -1.30766
      322.896      2.86085
      332.681      8.39425
      342.466      13.3635
      352.250      16.1558
      362.035      17.5111
      371.820      17.9621
      381.605      17.6720
      391.389      17.2521
      401.174      16.8182
      410.959      16.3925
      420.744      15.7560
      430.528      14.9971
      440.313      14.1288
      450.098      13.0997
      459.883      12.0485
      469.667      10.9520
      479.452      9.74560
      489.237      8.62434
      499.022      7.63671
      508.806      6.97132
      518.591      6.50093
      528.376      5.97891
      538.160      5.52959
      547.945      5.19297
      557.730      4.94440
      567.515      4.49751
      577.299      4.05814
      587.084      3.52654
      596.869      2.96742
      606.654      2.33930
      616.438      1.67951
      626.223      1.08276
      636.008     0.323705
      645.793    -0.491620
      655.577     -1.44782
      665.362     -2.34466
      675.147     -3.26087
      684.932     -4.01235
      694.716     -4.81452
      704.501     -5.66657
      714.286     -6.50503
      724.070     -7.36417
      733.855     -8.28682
      743.640     -9.27161
      753.425     -10.3432
      763.209     -11.5164
      772.994     -12.6200
      782.779     -13.8586
      792.564     -15.0549
      802.348     -16.2101
      812.133     -17.4578
      821.918     -18.5129
      831.703     -19.1602
      841.487     -18.6905
      851.272     -15.8533
      861.057     -11.0649
      870.841     -6.72987
      880.626     -3.58462
      890.411    -0.249646
      900.196      5.01587
      909.980      10.7115
      919.765      14.2267
      929.550      16.0946
      939.335      16.8302
      949.119      16.8590
      958.904      16.5958
      968.689      16.3112
      978.474      15.9798
      988.258      15.4369
      998.043      14.6935
      1007.83      13.6938
      1017.61      12.6899
      1027.40      11.5315
      1037.18      10.3854
      1046.97      9.16749
      1056.75      8.01059
      1066.54      7.13104
      1076.32      6.38494
      1086.11      5.69492
      1095.89      5.10150
      1105.68      4.75103
      1115.46      4.39720
      1125.24      4.02630
      1135.03      3.58009
      1144.81      3.14147
      1154.60      2.65816
      1164.38      2.02307
      1174.17      1.41638
      1183.95     0.769866
      1193.74    0.0582889
      1203.52    -0.637905
      1213.31     -1.37870
      1223.09     -2.06672
      1232.88     -2.83446
      1242.66     -3.60884
      1252.45     -4.44699
      1262.23     -5.33059
      1272.02     -6.26135
      1281.80     -7.24554
      1291.59     -8.22576
      1301.37     -9.17217
      1311.15     -10.2148
      1320.94     -11.3757
      1330.72     -12.4502
      1340.51     -13.5748
      1350.29     -14.7581
      1360.08     -16.0140
      1369.86     -17.1958
      1379.65     -18.3020
      1389.43     -19.3151
      1399.22     -19.9332
      1409.00     -19.0177
      1418.79     -15.2537
      1428.57     -10.1268
      1438.36     -5.95609
      1448.14     -2.87921
      1457.93     0.622128
      1467.71      6.04039
      1477.50      11.5507
      1487.28      15.0830
      1497.06      16.9164
      1506.85      17.6552
      1516.63      17.5790
      1526.42      17.2189
      1536.20      16.7554
      1545.99      16.2401
      1555.77      15.5987
      1565.56      14.7179
      1575.34      13.7036
      1585.13      12.6080
      1594.91      11.5400
      1604.70      10.4490
      1614.48      9.21371
      1624.27      8.15369
      1634.05      7.06067
      1643.84      6.18608
      1653.62      5.45103
      1663.41      4.75559
      1673.19      4.19175
      1682.97      3.70200
      1692.76      3.34883
      1702.54      3.03073
      1712.33      2.71337
      1722.11      2.26890
      1731.90      1.86273
      1741.68      1.47470
      1751.47      1.04977
      1761.25     0.552149
      1771.04    0.0735230
      1780.82    -0.488368
      1790.61     -1.10914
      1800.39     -1.77344
      1810.18     -2.45555
      1819.96     -3.19078
      1829.75     -3.94000
      1839.53     -4.74013
      1849.32     -5.56249
      1859.10     -6.46110
      1868.88     -7.37467
      1878.67     -8.20455
      1888.45     -9.12339
      1898.24     -10.0474
      1908.02     -11.1028
      1917.81     -12.1245
      1927.59     -13.1507
      1937.38     -14.2685
      1947.16     -15.3613
      1956.95     -16.5050
      1966.73     -17.7127
      1976.52     -18.8626
      1986.30     -19.7844
      1996.09     -19.8343
      2005.87     -18.3662
      2015.66     -15.0034
      2025.44     -10.6309
      2035.23     -6.74181
      2045.01     -3.51024
      2054.79     0.158933
      2064.58      5.25615
      2074.36      10.1562
      2084.15      13.3152
      2093.93      14.8637
      2103.72      15.3910
      2113.50      15.3050
      2123.29      14.8841
      2133.07      14.5265
      2142.86      14.1289
      2152.64      13.5739
      2162.43      12.8352
      2172.21      11.9415
      2182.00      10.9298
      2191.78      9.84520
      2201.57      8.81404
      2211.35      7.76923
      2221.14      6.76027
      2230.92      5.79168
      2240.70      5.12176
      2250.49      4.57347
      2260.27      4.05719
      2270.06      3.66878
      2279.84      3.28922
      2289.63      2.89569
      2299.41      2.47831
      2309.20      2.02814
      2318.98      1.53561
      2328.77      1.05496
      2338.55     0.562013
      2348.34   -0.0783091
      2358.12    -0.723512
      2367.91     -1.42751
      2377.69     -2.16295
      2387.48     -2.90344
      2397.26     -3.67640
      2407.04     -4.42634
      2416.83     -5.21093
      2426.61     -5.96531
      2436.40     -6.80181
      2446.18     -7.73642
      2455.97     -8.60328
      2465.75     -9.54573
      2475.54     -10.4855
      2485.32     -11.4280
      2495.11     -12.4211
      2504.89     -13.3434
      2514.68     -14.3525
      2524.46     -15.4551
      2534.25     -16.6788
      2544.03     -17.8535
      2553.82     -19.0209
      2563.60     -20.0224
      2573.39     -20.3590
      2583.17     -19.3115
      2592.96     -16.3108
      2602.74     -11.5187
      2612.52     -7.42044
      2622.31     -4.27413
      2632.09    -0.889357
      2641.88      3.70022
      2651.66      8.95261
      2661.45      12.9781
      2671.23      15.1612
      2681.02      16.0611
      2690.80      16.1101
      2700.59      15.7503
      2710.37      15.2311
      2720.16      14.7981
      2729.94      14.2475
      2739.73      13.6843
      2749.51      12.9221
      2759.30      11.9994
      2769.08      10.9996
      2778.86      9.90178
      2788.65      8.79081
      2798.43      7.69203
      2808.22      6.66528
      2818.00      5.84293
      2827.79      5.30137
      2837.57      4.83902
      2847.36      4.47170
      2857.14      4.02545
      2866.93      3.59092
      2876.71      3.15095
      2886.50      2.71252
      2896.28      2.24016
      2906.07      1.76482
      2915.85      1.24274
      2925.64     0.646717
      2935.42    0.0446569
      2945.21    -0.679344
      2954.99     -1.42523
      2964.77     -2.14154
      2974.56     -2.89712
      2984.34     -3.60810
      2994.13     -4.31131
      3003.91     -5.12178
      3013.70     -6.02020
      3023.48     -6.85830
      3033.27     -7.71834
      3043.05     -8.52289
      3052.84     -9.38388
      3062.62     -10.2865
      3072.41     -11.2542
      3082.19     -12.2533
      3091.98     -13.3066
      3101.76     -14.3645
      3111.55     -15.3967
      3121.33     -16.5296
      3131.12     -17.6615
      3140.90     -18.8196
      3150.68     -19.7640
      3160.47     -20.0961
      3170.25     -18.7513
      3180.04     -15.3108
      3189.82     -10.9856
      3199.61     -7.13117
      3209.39     -3.83480
      3219.18   -0.0244194
      3228.96      5.14575
      3238.75      10.2813
      3248.53      13.6805
      3258.32      15.3898
      3268.10      16.0783
      3277.89      16.0119
      3287.67      15.6540
      3297.46      15.2473
      3307.24      14.8010
      3317.03      14.3054
      3326.81      13.6803
      3336.59      12.8819
      3346.38      11.9523
      3356.16      10.8934
      3365.95      9.87390
      3375.73      8.83165
      3385.52      7.83469
      3395.30      6.81403
      3405.09      5.93011
      3414.87      5.08393
      3424.66      4.43593
      3434.44      4.08880
      3444.23      3.75230
      3454.01      3.38843
      3463.80      2.98142
      3473.58      2.46634
      3483.37      1.95057
      3493.15      1.47710
      3502.94     0.902045
      3512.72     0.351668
      3522.50    -0.218077
      3532.29    -0.850728
      3542.07     -1.50430
      3551.86     -2.25931
      3561.64     -3.04825
      3571.43     -3.87152
      3581.21     -4.74616
      3591.00     -5.63581
      3600.78     -6.43798
      3610.57     -7.36203
      3620.35     -8.26083
      3630.14     -9.09386
      3639.92     -9.85450
      3649.71     -10.6838
      3659.49     -11.5150
      3669.28     -12.3196
      3679.06     -13.2246
      3688.85     -14.1988
      3698.63     -15.3109
      3708.41     -16.3854
      3718.20     -17.4495
      3727.98     -18.4096
      3737.77     -18.6897
      3747.55     -18.0974
      3757.34     -15.4615
      3767.12     -10.8792
      3776.91     -6.54792
      3786.69     -3.29340
      3796.48    0.0821652
      3806.26      5.17374
      3816.05      10.4454
      3825.83      13.9091
      3835.62      15.7056
      3845.40      16.5568
      3855.19      16.4871
      3864.97      16.1106
      3874.76      15.6612
      3884.54      15.1538
      3894.32      14.5897
      3904.11      13.8464
      3913.89      13.0165
      3923.68      12.1886
      3933.46      11.2048
      3943.25      10.1068
      3953.03      8.97073
      3962.82      7.97051
      3972.60      7.17248
      3982.39      6.44750
      3992.17      5.90051
      4001.96      5.59316
      4011.74      5.42150
      4021.53      5.21331
      4031.31      4.99672
      4041.10      4.61130
      4050.88      4.16667
      4060.67      3.58899
      4070.45      2.98718
      4080.23      2.36461
      4090.02      1.64795
      4099.80     0.993572
      4109.59     0.417472
      4119.37    -0.219700
      4129.16    -0.885575
      4138.94     -1.68447
      4148.73     -2.35373
      4158.51     -3.12883
      4168.30     -3.93612
      4178.08     -4.75405
      4187.87     -5.73757
      4197.65     -6.60814
      4207.44     -7.58262
      4217.22     -8.50360
      4227.01     -9.54458
      4236.79     -10.5611
      4246.58     -11.5754
      4256.36     -12.5805
      4266.15     -13.5949
      4275.93     -14.6467
      4285.71     -15.6485
      4295.50     -16.6954
      4305.28     -17.8083
      4315.07     -18.7967
      4324.85     -19.0379
      4334.64     -17.7269
      4344.42     -13.8437
      4354.21     -8.69331
      4363.99     -4.88178
      4373.78     -1.83876
      4383.56      2.19109
      4393.35      7.96621
      4403.13      13.1203
      4412.92      16.0886
      4422.70      17.5753
      4432.49      18.1064
      4442.27      17.8665
      4452.05      17.4201
      4461.84      17.0307
      4471.62      16.6064
      4481.41      16.0712
      4491.19      15.3493
      4500.98      14.4146
      4510.76      13.4601
      4520.55      12.4073
      4530.33      11.3723
      4540.12      10.2864
      4549.90      9.20539
      4559.69      8.12895
      4569.47      7.32988
      4579.26      6.78528
      4589.04      6.29768
      4598.83      6.03807
      4608.61      5.72625
      4618.40      5.47484
      4628.18      5.08822
      4637.96      4.71331
      4647.75      4.29864
      4657.53      3.80996
      4667.32      3.34922
      4677.10      2.81331
      4686.89      2.32462
      4696.67      1.66626
      4706.46      1.14585
      4716.24     0.431769
      4726.03    -0.263658
      4735.81     -1.01758
      4745.60     -1.83838
      4755.38     -2.54506
      4765.17     -3.36720
      4774.95     -4.15445
      4784.74     -5.06800
      4794.52     -5.95534
      4804.31     -6.84798
      4814.09     -7.79083
      4823.87     -8.82306
      4833.66     -9.83768
      4843.44     -10.8406
      4853.23     -11.8561
      4863.01     -12.9094
      4872.80     -14.1128
      4882.58     -15.2426
      4892.37     -16.1386
      4902.15     -16.5120
      4911.94     -15.3270
      4921.72     -11.7889
      4931.51     -7.09438
      4941.29     -3.07088
      4951.08     0.168166
      4960.86      3.88903
      4970.65      9.09755
      4980.43      14.3670
      4990.22      17.8722
      5000.00      19.6391
