      0.00000     0.758836
      19.5695     0.408599
      39.1389   -0.0110097
      58.7084    -0.618863
      78.2779     -1.23836
      97.8474     -1.86747
      117.417     -2.43744
      136.986     -3.05399
      156.556     -3.49255
      176.125     -3.80414
      195.695     -4.07560
      215.264     -4.52887
      234.834     -5.18012
      254.403     -5.81812
      273.973     -6.58536
      293.542     -7.26658
      313.112     -7.58469
      332.681     -7.20896
      352.250     -5.98943
      371.820     -4.93234
      391.389     -4.18568
      410.959     -3.88880
      430.528     -3.41555
      450.098     -2.57597
      469.667     -1.32489
      489.237    -0.496386
      508.806    0.0809539
      528.376     0.744935
      547.945      1.70853
      567.515      2.51420
      587.084      3.42723
      606.654      4.02611
      626.223      5.19449
      645.793      8.63322
      665.362      12.6240
      684.932      13.8885
      704.501      13.5817
      724.070      12.9246
      743.640      12.1935
      763.209      11.4828
      782.779      10.6801
      802.348      9.78240
      821.918      8.98122
      841.487      8.27936
      861.057      7.50088
      880.626      6.79860
      900.196      6.02292
      919.765      5.35511
      939.335      4.74962
      958.904      4.19496
      978.474      3.60806
      998.043      2.96264
      1017.61      2.39152
      1037.18      1.82914
      1056.75      1.34146
      1076.32     0.685203
      1095.89     0.131507
      1115.46    -0.323440
      1135.03    -0.759192
      1154.60     -1.22262
      1174.17     -1.62563
      1193.74     -2.05593
      1213.31     -2.59397
      1232.88     -3.15891
      1252.45     -3.89955
      1272.02     -4.54474
      1291.59     -5.08673
      1311.15     -5.48284
      1330.72     -5.81011
      1350.29     -6.18380
      1369.86     -6.73653
      1389.43     -7.39728
      1409.00     -8.22445
      1428.57     -8.99568
      1448.14     -9.56543
      1467.71     -9.56888
      1487.28     -8.72958
      1506.85     -7.40794
      1526.42     -6.39942
      1545.99     -5.89416
      1565.56     -5.70441
      1585.13     -5.03297
      1604.70     -3.77055
      1624.27     -2.27710
      1643.84     -1.05109
      1663.41    -0.146975
      1682.97     0.649705
      1702.54      1.00589
      1722.11      1.08838
      1741.68      1.31960
      1761.25      1.93616
      1780.82      4.07182
      1800.39      7.07060
      1819.96      9.73933
      1839.53      10.7349
      1859.10      10.5526
      1878.67      10.1868
      1898.24      9.58407
      1917.81      8.93556
      1937.38      8.27365
      1956.95      7.60377
      1976.52      7.05511
      1996.09      6.50304
      2015.66      5.96075
      2035.23      5.42214
      2054.79      4.86294
      2074.36      4.31806
      2093.93      3.63313
      2113.50      3.07326
      2133.07      2.57652
      2152.64      2.16213
      2172.21      1.65767
      2191.78      1.13001
      2211.35     0.626916
      2230.92     0.104409
      2250.49    -0.296333
      2270.06    -0.757935
      2289.63     -1.17440
      2309.20     -1.79299
      2328.77     -2.46083
      2348.34     -3.04586
      2367.91     -3.67459
      2387.48     -4.48268
      2407.04     -5.21190
      2426.61     -5.77703
      2446.18     -6.17066
      2465.75     -6.40490
      2485.32     -6.81363
      2504.89     -7.43327
      2524.46     -8.12649
      2544.03     -8.80143
      2563.60     -9.49156
      2583.17     -9.90951
      2602.74     -9.63417
      2622.31     -8.69395
      2641.88     -7.68910
      2661.45     -6.67459
      2681.02     -5.98492
      2700.59     -5.52779
      2720.16     -4.92144
      2739.73     -4.01595
      2759.30     -3.01543
      2778.86     -2.05487
      2798.43     -1.34109
      2818.00    -0.780320
      2837.57    -0.304302
      2857.14     0.362204
      2876.71      1.45310
      2896.28      3.50506
      2915.85      6.43929
      2935.42      9.71762
      2954.99      11.1513
      2974.56      11.0748
      2994.13      10.6570
      3013.70      9.90735
      3033.27      9.12073
      3052.84      8.36611
      3072.41      7.65273
      3091.98      6.99640
      3111.55      6.27509
      3131.12      5.59277
      3150.68      4.94675
      3170.25      4.33528
      3189.82      3.71145
      3209.39      3.10382
      3228.96      2.53379
      3248.53      1.85417
      3268.10      1.30430
      3287.67     0.777720
      3307.24     0.225413
      3326.81    -0.231730
      3346.38    -0.589935
      3365.95    -0.962173
      3385.52     -1.32894
      3405.09     -1.65710
      3424.66     -2.06607
      3444.23     -2.51169
      3463.80     -3.01706
      3483.37     -3.59291
      3502.94     -4.09505
      3522.50     -4.70364
      3542.07     -5.37158
      3561.64     -5.99445
      3581.21     -6.37565
      3600.78     -6.61619
      3620.35     -7.08981
      3639.92     -7.56434
      3659.49     -8.14125
      3679.06     -8.77732
      3698.63     -9.39866
      3718.20     -10.0321
      3737.77     -10.4249
      3757.34     -10.1802
      3776.91     -9.03488
      3796.48     -7.86967
      3816.05     -7.27444
      3835.62     -7.01527
      3855.19     -6.10259
      3874.76     -4.82789
      3894.32     -3.90535
      3913.89     -3.05657
      3933.46     -2.07879
      3953.03     -1.03418
      3972.60    -0.442614
      3992.17    -0.180483
      4011.74     0.597867
      4031.31      1.77964
      4050.88      3.70062
      4070.45      7.43906
      4090.02      11.1858
      4109.59      12.3412
      4129.16      12.1077
      4148.73      11.5625
      4168.30      10.9321
      4187.87      10.2398
      4207.44      9.51658
      4227.01      8.78561
      4246.58      8.08282
      4266.15      7.38513
      4285.71      6.79707
      4305.28      6.27446
      4324.85      5.62863
      4344.42      5.06157
      4363.99      4.51863
      4383.56      4.00768
      4403.13      3.36985
      4422.70      2.79871
      4442.27      2.11656
      4461.84      1.42325
      4481.41     0.859266
      4500.98     0.278219
      4520.55    -0.216825
      4540.12    -0.655806
      4559.69     -1.01858
      4579.26     -1.47534
      4598.83     -1.94133
      4618.40     -2.48565
      4637.96     -2.95531
      4657.53     -3.57076
      4677.10     -4.22459
      4696.67     -4.78150
      4716.24     -5.40093
      4735.81     -5.68634
      4755.38     -5.81728
      4774.95     -6.16100
      4794.52     -6.63848
      4814.09     -7.20591
      4833.66     -7.85999
      4853.23     -8.60334
      4872.80     -9.36540
      4892.37     -9.91972
      4911.94     -9.80764
      4931.51     -9.04282
      4951.08     -7.73566
      4970.65     -6.84676
      4990.22     -6.46901
      5009.78     -6.16324
      5029.35     -5.63067
      5048.92     -4.45826
      5068.49     -3.19770
      5088.06     -2.15640
      5107.63     -1.23532
      5127.20    -0.452910
      5146.77     0.266514
      5166.34      1.52752
      5185.91      2.71690
      5205.48      3.73305
      5225.05      5.55641
      5244.62      8.73069
      5264.19      10.9895
      5283.76      11.3796
      5303.33      10.9623
      5322.90      10.3379
      5342.47      9.63050
      5362.04      8.88039
      5381.60      8.27169
      5401.17      7.65421
      5420.74      7.02453
      5440.31      6.37923
      5459.88      5.81124
      5479.45      5.23064
      5499.02      4.77877
      5518.59      4.22204
      5538.16      3.70579
      5557.73      3.12411
      5577.30      2.50974
      5596.87      1.87939
      5616.44      1.35186
      5636.01     0.835894
      5655.58     0.300003
      5675.15    -0.168534
      5694.72    -0.625030
      5714.29     -1.07220
      5733.85     -1.54313
      5753.42     -2.11086
      5772.99     -2.62551
      5792.56     -3.24992
      5812.13     -3.89638
      5831.70     -4.42843
      5851.27     -5.07466
      5870.84     -5.58250
      5890.41     -5.93568
      5909.98     -6.19187
      5929.55     -6.51052
      5949.12     -6.90460
      5968.69     -7.56586
      5988.26     -8.09416
      6007.83     -8.73097
      6027.40     -9.44026
      6046.97     -9.82833
      6066.54     -9.36938
      6086.11     -8.26939
      6105.68     -6.97330
      6125.24     -6.09435
      6144.81     -5.52014
      6164.38     -4.69343
      6183.95     -3.71666
      6203.52     -2.63903
      6223.09     -1.60768
      6242.66    -0.525736
      6262.23     0.466548
      6281.80     0.961948
      6301.37      1.17215
      6320.94      1.17769
      6340.51      1.44635
      6360.08      3.77434
      6379.65      7.31650
      6399.22      10.4980
      6418.79      12.3080
      6438.36      12.7249
      6457.93      12.3648
      6477.50      11.7527
      6497.06      11.0257
      6516.63      10.2228
      6536.20      9.49183
      6555.77      8.74522
      6575.34      7.97085
      6594.91      7.31144
      6614.48      6.60701
      6634.05      5.90192
      6653.62      5.23214
      6673.19      4.57404
      6692.76      4.03563
      6712.33      3.54040
      6731.90      2.99302
      6751.47      2.45610
      6771.04      2.00584
      6790.61      1.55854
      6810.18      1.11195
      6829.75     0.609590
      6849.31    0.0921983
      6868.88    -0.337472
      6888.45    -0.663390
      6908.02     -1.11762
      6927.59     -1.62141
      6947.16     -2.18279
      6966.73     -2.92527
      6986.30     -3.58787
      7005.87     -4.16777
      7025.44     -4.70827
      7045.01     -5.29907
      7064.58     -5.73353
      7084.15     -6.02964
      7103.72     -6.17113
      7123.29     -6.50914
      7142.86     -7.00387
      7162.43     -7.44161
      7182.00     -8.11488
      7201.57     -8.83154
      7221.14     -9.34021
      7240.70     -9.27378
      7260.27     -8.19728
      7279.84     -6.77787
      7299.41     -6.12879
      7318.98     -6.06094
      7338.55     -5.54924
      7358.12     -4.08693
      7377.69     -2.62836
      7397.26     -1.16749
      7416.83    0.0851588
      7436.40      1.07001
      7455.97      1.43603
      7475.54      1.75711
      7495.11      2.16851
      7514.68      3.36360
      7534.25      6.28568
      7553.82      9.60643
      7573.39      11.4517
      7592.96      11.5194
      7612.52      10.9866
      7632.09      10.2726
      7651.66      9.56652
      7671.23      8.80631
      7690.80      8.04828
      7710.37      7.45979
      7729.94      6.83721
      7749.51      6.21328
      7769.08      5.50912
      7788.65      4.81522
      7808.22      4.21502
      7827.79      3.69140
      7847.36      3.13410
      7866.93      2.60383
      7886.50      1.99695
      7906.07      1.38625
      7925.64     0.923465
      7945.21     0.530297
      7964.77     0.198025
      7984.34    -0.391638
      8003.91    -0.906411
      8023.48     -1.25992
      8043.05     -1.74143
      8062.62     -2.27205
      8082.19     -2.88928
      8101.76     -3.50396
      8121.33     -4.14582
      8140.90     -4.74531
      8160.47     -5.37383
      8180.04     -5.87033
      8199.61     -6.10617
      8219.18     -6.36616
      8238.75     -6.81514
      8258.32     -7.43647
      8277.89     -8.09166
      8297.46     -8.74917
      8317.03     -9.36518
      8336.59     -9.95111
      8356.16     -9.89386
      8375.73     -9.15116
      8395.30     -8.10925
      8414.87     -7.05119
      8434.44     -6.61304
      8454.01     -6.24863
      8473.58     -5.35825
      8493.15     -4.45487
      8512.72     -3.43261
      8532.29     -2.44484
      8551.86     -1.58463
      8571.43    -0.956513
      8591.00    -0.522732
      8610.57    0.0807098
      8630.14     0.925896
      8649.71      3.06665
      8669.28      6.65186
      8688.85      9.81229
      8708.42      11.5036
      8727.98      11.8544
      8747.55      11.4052
      8767.12      10.7354
      8786.69      9.97873
      8806.26      9.41145
      8825.83      8.72915
      8845.40      8.14329
      8864.97      7.55645
      8884.54      6.92264
      8904.11      6.41879
      8923.68      5.71945
      8943.25      5.17558
      8962.82      4.61656
      8982.39      4.07153
      9001.96      3.34908
      9021.53      2.75717
      9041.10      2.23536
      9060.67      1.70428
      9080.23      1.19975
      9099.80     0.666844
      9119.37     0.151442
      9138.94    -0.273047
      9158.51    -0.753026
      9178.08     -1.34446
      9197.65     -1.92009
      9217.22     -2.51091
      9236.79     -3.16480
      9256.36     -3.81102
      9275.93     -4.53133
      9295.50     -5.29185
      9315.07     -5.74188
      9334.64     -6.07520
      9354.21     -6.30739
      9373.78     -6.77117
      9393.35     -7.44058
      9412.92     -8.24321
      9432.49     -8.94673
      9452.05     -9.61954
      9471.62     -10.0780
      9491.19     -9.74929
      9510.76     -8.87254
      9530.33     -7.86850
      9549.90     -7.21047
      9569.47     -7.20292
      9589.04     -6.83606
      9608.61     -5.98325
      9628.18     -4.98127
      9647.75     -4.11257
      9667.32     -3.05669
      9686.89     -2.18617
      9706.46     -1.50414
      9726.03    -0.914802
      9745.60    -0.446227
      9765.17     0.558305
      9784.74      2.75796
      9804.31      5.82223
      9823.88      8.62097
      9843.44      10.2438
      9863.01      10.3901
      9882.58      9.94912
      9902.15      9.21813
      9921.72      8.43039
      9941.29      7.60021
      9960.86      6.80046
      9980.43      6.15461
      10000.0      5.50338
