      0.00000      1.52259
      19.5695      1.35080
      39.1389     0.793452
      58.7084     0.414343
      78.2779   -0.0622569
      97.8474     -1.01512
      117.417     -2.12037
      136.986     -2.79768
      156.556     -3.59789
      176.125     -4.31759
      195.695     -4.97484
      215.264     -5.47942
      234.834     -5.75259
      254.403     -6.17840
      273.973     -6.77701
      293.542     -7.86256
      313.112     -8.42259
      332.681     -8.63403
      352.250     -9.05978
      371.820     -8.68139
      391.389     -7.95696
      410.959     -8.02750
      430.528     -7.91370
      450.098     -7.49371
      469.667     -7.19064
      489.237     -5.93535
      508.806     -3.39556
      528.376    -0.775034
      547.945      2.03525
      567.515      5.19751
      587.084      9.04790
      606.654      12.3656
      626.223      13.4755
      645.793      13.2239
      665.362      12.6680
      684.932      12.0453
      704.501      11.3910
      724.070      10.9580
      743.640      10.4389
      763.209      9.80237
      782.779      9.19814
      802.348      8.47391
      821.918      7.87371
      841.487      7.20144
      861.057      6.57303
      880.626      5.94712
      900.196      5.44183
      919.765      4.93322
      939.335      4.56558
      958.904      4.05364
      978.474      3.50090
      998.043      3.20680
      1017.61      2.92113
      1037.18      2.47199
      1056.75      1.85597
      1076.32      1.33023
      1095.89      1.07588
      1115.46     0.501520
      1135.03   -0.0940067
      1154.60    -0.649667
      1174.17     -1.37118
      1193.74     -1.91679
      1213.31     -2.63487
      1232.88     -3.70060
      1252.45     -4.52655
      1272.02     -5.27243
      1291.59     -6.03452
      1311.15     -6.74872
      1330.72     -7.17585
      1350.29     -7.43292
      1369.86     -7.78714
      1389.43     -8.20650
      1409.00     -9.24344
      1428.57     -9.87185
      1448.14     -10.1690
      1467.71     -10.7199
      1487.28     -10.3065
      1506.85     -9.52845
      1526.42     -9.74874
      1545.99     -9.59187
      1565.56     -9.18386
      1585.13     -9.17342
      1604.70     -8.47976
      1624.27     -6.19009
      1643.84     -3.49510
      1663.41    -0.751583
      1682.97      2.30548
      1702.54      6.80653
      1722.11      10.6088
      1741.68      12.1326
      1761.25      12.1694
      1780.82      11.5598
      1800.39      11.1108
      1819.96      10.5117
      1839.53      9.97541
      1859.10      9.33464
      1878.67      8.87232
      1898.24      8.34901
      1917.81      7.74415
      1937.38      7.22731
      1956.95      6.62734
      1976.52      6.02460
      1996.09      5.44400
      2015.66      4.77953
      2035.23      4.26422
      2054.79      3.85239
      2074.36      3.47024
      2093.93      3.07942
      2113.50      2.74221
      2133.07      2.41891
      2152.64      2.04585
      2172.21      1.55244
      2191.78     0.996725
      2211.35     0.450085
      2230.92  -0.00182037
      2250.49    -0.481125
      2270.06     -1.06786
      2289.63     -1.59681
      2309.20     -2.31767
      2328.77     -2.79111
      2348.34     -3.29249
      2367.91     -4.45096
      2387.48     -5.30769
      2407.04     -5.98753
      2426.61     -6.65213
      2446.18     -7.31927
      2465.75     -7.73006
      2485.32     -7.79628
      2504.89     -8.18206
      2524.46     -8.62930
      2544.03     -9.59822
      2563.60     -10.3484
      2583.17     -10.6538
      2602.74     -11.1528
      2622.31     -11.3658
      2641.88     -10.5572
      2661.45     -10.5134
      2681.02     -10.7424
      2700.59     -10.1794
      2720.16     -9.91805
      2739.73     -9.18659
      2759.30     -7.28526
      2778.86     -4.80154
      2798.43     -1.99434
      2818.00      1.78327
      2837.57      6.14672
      2857.14      10.0947
      2876.71      11.9494
      2896.28      12.2555
      2915.85      11.9046
      2935.42      11.4264
      2954.99      10.8011
      2974.56      10.2471
      2994.13      9.70615
      3013.70      9.14982
      3033.27      8.66353
      3052.84      8.02717
      3072.41      7.42020
      3091.98      6.75228
      3111.55      6.16225
      3131.12      5.61503
      3150.68      4.96924
      3170.25      4.46264
      3189.82      4.02547
      3209.39      3.62705
      3228.96      3.21165
      3248.53      2.82711
      3268.10      2.40231
      3287.67      2.02212
      3307.24      1.68051
      3326.81      1.28433
      3346.38     0.749970
      3365.95     0.177198
      3385.52    -0.190374
      3405.09    -0.461911
      3424.66     -1.00967
      3444.23     -1.63764
      3463.80     -2.27610
      3483.37     -2.73185
      3502.94     -3.23616
      3522.50     -4.22797
      3542.07     -5.10275
      3561.64     -5.77723
      3581.21     -6.31240
      3600.78     -6.88057
      3620.35     -7.51601
      3639.92     -7.85433
      3659.49     -8.11006
      3679.06     -8.44491
      3698.63     -9.30661
      3718.20     -10.2023
      3737.77     -10.3484
      3757.34     -10.5739
      3776.91     -11.0480
      3796.48     -10.5047
      3816.05     -10.1460
      3835.62     -9.73240
      3855.19     -8.87537
      3874.76     -8.63439
      3894.32     -8.45082
      3913.89     -6.80585
      3933.46     -4.50364
      3953.03     -1.71169
      3972.60      1.86091
      3992.17      5.69680
      4011.74      9.17963
      4031.31      11.5107
      4050.88      12.4166
      4070.45      12.3288
      4090.02      11.7972
      4109.59      11.3258
      4129.16      10.7048
      4148.73      10.1372
      4168.30      9.72706
      4187.87      9.27288
      4207.44      8.80077
      4227.01      8.28547
      4246.58      7.62798
      4266.15      6.98947
      4285.71      6.47588
      4305.28      5.77766
      4324.85      5.06147
      4344.42      4.56837
      4363.99      4.11743
      4383.56      3.74297
      4403.13      3.46949
      4422.70      3.07274
      4442.27      2.64749
      4461.84      2.44279
      4481.41      2.11186
      4500.98      1.67115
      4520.55      1.16411
      4540.12     0.696947
      4559.69     0.271330
      4579.26    -0.170419
      4598.83    -0.650370
      4618.40     -1.31858
      4637.96     -1.95171
      4657.53     -2.27644
      4677.10     -2.92830
      4696.67     -3.84887
      4716.24     -4.51300
      4735.81     -5.09165
      4755.38     -5.62667
      4774.95     -6.25138
      4794.52     -6.78239
      4814.09     -7.11613
      4833.66     -7.65401
      4853.23     -8.10358
      4872.80     -9.07986
      4892.37     -9.76283
      4911.94     -10.0862
      4931.51     -10.5652
      4951.08     -10.6528
      4970.65     -10.0368
      4990.22     -9.74261
      5009.78     -9.44193
      5029.35     -8.88031
      5048.92     -8.69696
      5068.49     -7.98360
      5088.06     -6.33073
      5107.63     -3.80912
      5127.20    -0.233259
      5146.77      3.43155
      5166.34      7.41693
      5185.91      10.6608
      5205.48      12.1057
      5225.05      12.1189
      5244.62      11.6819
      5264.19      11.1775
      5283.76      10.6601
      5303.33      10.0703
      5322.90      9.65770
      5342.47      9.26114
      5362.04      8.75578
      5381.60      8.14449
      5401.17      7.51877
      5420.74      6.97808
      5440.31      6.45274
      5459.88      5.89166
      5479.45      5.21481
      5499.02      4.61185
      5518.59      4.25397
      5538.16      3.75269
      5557.73      3.43784
      5577.30      3.19435
      5596.87      2.78185
      5616.44      2.49901
      5636.01      2.15704
      5655.58      1.66365
      5675.15      1.04464
      5694.72     0.505336
      5714.29    0.0815277
      5733.85    -0.358187
      5753.42    -0.816338
      5772.99     -1.36513
      5792.56     -2.02634
      5812.13     -2.43523
      5831.70     -3.05915
      5851.27     -4.07498
      5870.84     -4.91586
      5890.41     -5.60320
      5909.98     -6.07381
      5929.55     -6.80394
      5949.12     -7.45719
      5968.69     -7.76614
      5988.26     -8.17725
      6007.83     -8.51964
      6027.40     -9.40820
      6046.97     -10.2164
      6066.54     -10.3479
      6086.11     -10.7855
      6105.68     -11.1037
      6125.24     -10.3398
      6144.81     -10.3328
      6164.38     -10.3943
      6183.95     -9.92055
      6203.52     -9.51197
      6223.09     -8.48465
      6242.66     -6.42657
      6262.23     -3.72832
      6281.80    -0.493736
      6301.37      3.27777
      6320.94      7.71406
      6340.51      11.2247
      6360.08      12.6065
      6379.65      12.6695
      6399.22      12.3393
      6418.79      11.8531
      6438.36      11.1922
      6457.93      10.5748
      6477.50      10.1422
      6497.06      9.67436
      6516.63      9.11096
      6536.20      8.51347
      6555.77      7.80531
      6575.34      7.15181
      6594.91      6.59542
      6614.48      5.96162
      6634.05      5.38362
      6653.62      4.87886
      6673.19      4.43890
      6692.76      4.02538
      6712.33      3.62063
      6731.90      3.21751
      6751.47      2.86760
      6771.04      2.64370
      6790.61      2.31563
      6810.18      1.82342
      6829.75      1.27356
      6849.31     0.825107
      6868.88     0.591126
      6888.45     0.192483
      6908.02    -0.373064
      6927.59    -0.947480
      6947.16     -1.55987
      6966.73     -1.99590
      6986.30     -2.70368
      7005.87     -3.69857
      7025.44     -4.38672
      7045.01     -5.08541
      7064.58     -5.68380
      7084.15     -6.28273
      7103.72     -6.87398
      7123.29     -7.28895
      7142.86     -7.76720
      7162.43     -8.22353
      7182.00     -9.10428
      7201.57     -9.75109
      7221.14     -9.69730
      7240.70     -9.91156
      7260.27     -9.89154
      7279.84     -9.20298
      7299.41     -9.09829
      7318.98     -8.87431
      7338.55     -8.34634
      7358.12     -8.03278
      7377.69     -7.54203
      7397.26     -5.81483
      7416.83     -3.25327
      7436.40    -0.314109
      7455.97      3.17152
      7475.54      7.84461
      7495.11      11.4555
      7514.68      12.9969
      7534.25      13.1136
      7553.82      12.6273
      7573.39      12.0540
      7592.96      11.5368
      7612.52      11.0954
      7632.09      10.5536
      7651.66      10.0384
      7671.23      9.50647
      7690.80      8.86033
      7710.37      8.22790
      7729.94      7.61768
      7749.51      6.83260
      7769.08      6.15723
      7788.65      5.64282
      7808.22      4.99069
      7827.79      4.46747
      7847.36      4.04181
      7866.93      3.69022
      7886.50      3.28708
      7906.07      2.80823
      7925.64      2.50562
      7945.21      2.15919
      7964.77      1.67863
      7984.34      1.10373
      8003.91     0.536176
      8023.48     0.120553
      8043.05    -0.268549
      8062.62    -0.885167
      8082.19     -1.47416
      8101.76     -2.16956
      8121.33     -2.62767
      8140.90     -3.24148
      8160.47     -4.25019
      8180.04     -5.06094
      8199.61     -5.81483
      8219.18     -6.57743
      8238.75     -7.23567
      8258.32     -7.75653
      8277.89     -8.12686
      8297.46     -8.53142
      8317.03     -8.87921
      8336.59     -9.75527
      8356.16     -10.3343
      8375.73     -10.5968
      8395.30     -11.2318
      8414.87     -11.1803
      8434.44     -10.3533
      8454.01     -10.2530
      8473.58     -9.84297
      8493.15     -9.12148
      8512.72     -9.08890
      8532.29     -8.42504
      8551.86     -6.26128
      8571.43     -3.34745
      8591.00   -0.0605997
      8610.57      4.85941
      8630.14      9.73988
      8649.71      12.6198
      8669.28      13.1200
      8688.85      12.5346
      8708.42      11.9337
      8727.98      11.2575
      8747.55      10.6521
      8767.12      10.1683
      8786.69      9.64851
      8806.26      9.07764
      8825.83      8.53139
      8845.40      7.95156
      8864.97      7.30864
      8884.54      6.60610
      8904.11      6.01686
      8923.68      5.41819
      8943.25      5.04147
      8962.82      4.67241
      8982.39      4.27114
      9001.96      3.90198
      9021.53      3.38577
      9041.10      3.02940
      9060.67      2.66012
      9080.23      2.20674
      9099.80      1.68158
      9119.37      1.19764
      9138.94     0.754157
      9158.51     0.317003
      9178.08    -0.318227
      9197.65    -0.907847
      9217.22     -1.52014
      9236.79     -2.10799
      9256.36     -2.70092
      9275.93     -3.58427
      9295.50     -4.47552
      9315.07     -5.17186
      9334.64     -5.85750
      9354.21     -6.60269
      9373.78     -7.25658
      9393.35     -7.63990
      9412.92     -8.12886
      9432.49     -8.61619
      9452.05     -9.46107
      9471.62     -10.2096
      9491.19     -10.4642
      9510.76     -10.7730
      9530.33     -11.0790
      9549.90     -10.4941
      9569.47     -10.5213
      9589.04     -10.7650
      9608.61     -10.5658
      9628.18     -10.3919
      9647.75     -9.66379
      9667.32     -7.76899
      9686.89     -5.35875
      9706.46     -2.53432
      9726.03     0.644783
      9745.60      4.39316
      9765.17      7.75935
      9784.74      9.80966
      9804.31      10.1793
      9823.88      9.67912
      9843.44      9.13258
      9863.01      8.49141
      9882.58      7.91298
      9902.15      7.45628
      9921.72      6.93273
      9941.29      6.45778
      9960.86      5.89595
      9980.43      5.21056
      10000.0      4.64817
