Cross Section of Image 'imp-01001'
End points on Image: (2.089844e+004,1.953125e+002), (3.671875e+004,4.804688e+004)
All x,y units: Å, z units:  Å
0.000000e+000	2.114044e+002
1.543138e+002	2.654300e+002
3.086275e+002	2.830470e+002
4.629413e+002	2.877449e+002
6.172551e+002	2.889194e+002
7.715688e+002	2.900938e+002
9.258826e+002	2.842215e+002
1.080196e+003	2.701279e+002
1.234510e+003	2.572087e+002
1.388824e+003	2.548598e+002
1.543138e+003	2.454640e+002
1.697451e+003	2.478130e+002
1.851765e+003	2.501619e+002
2.006079e+003	2.454640e+002
2.160393e+003	2.442896e+002
2.314706e+003	2.348938e+002
2.469020e+003	2.278470e+002
2.623334e+003	2.278470e+002
2.777648e+003	2.313704e+002
2.931962e+003	2.254980e+002
3.086275e+003	2.137534e+002
3.240589e+003	2.137534e+002
3.394903e+003	2.078810e+002
3.549217e+003	2.055321e+002
3.703530e+003	2.031831e+002
3.857844e+003	1.996597e+002
4.012158e+003	1.996597e+002
4.166472e+003	1.949619e+002
4.320785e+003	1.843916e+002
4.475099e+003	1.820427e+002
4.629413e+003	1.749959e+002
4.783727e+003	1.749959e+002
4.938041e+003	1.714725e+002
5.092354e+003	1.691235e+002
5.246668e+003	1.632512e+002
5.400982e+003	1.526810e+002
5.555296e+003	1.468086e+002
5.709609e+003	1.444597e+002
5.863923e+003	1.362384e+002
6.018237e+003	1.303661e+002
6.172551e+003	1.197958e+002
6.326864e+003	1.162724e+002
6.481178e+003	1.104001e+002
6.635492e+003	1.045277e+002
6.789806e+003	9.982986e+001
6.944119e+003	9.748093e+001
7.098433e+003	9.630646e+001
7.252747e+003	8.573624e+001
7.407061e+003	7.868942e+001
7.561375e+003	7.751495e+001
7.715688e+003	6.577026e+001
7.870002e+003	6.107239e+001
8.024316e+003	6.929367e+001
8.178630e+003	6.929367e+001
8.332943e+003	7.516602e+001
8.487257e+003	8.456177e+001
8.641571e+003	1.010043e+002
8.795885e+003	1.010043e+002
8.950198e+003	1.115746e+002
9.104512e+003	1.174469e+002
9.258826e+003	1.338895e+002
9.413140e+003	1.362384e+002
9.567454e+003	1.456342e+002
9.721767e+003	1.538554e+002
9.876081e+003	1.679491e+002
1.003039e+004	1.691235e+002
1.018471e+004	2.114044e+002
1.033902e+004	2.630811e+002
1.049334e+004	2.912683e+002
1.064765e+004	2.889194e+002
1.080196e+004	2.983151e+002
1.095628e+004	2.983151e+002
1.111059e+004	2.936172e+002
1.126490e+004	2.900938e+002
1.141922e+004	2.806981e+002
1.157353e+004	2.760002e+002
1.172785e+004	2.666045e+002
1.188216e+004	2.642555e+002
1.203647e+004	2.501619e+002
1.219079e+004	2.384172e+002
1.234510e+004	2.360683e+002
1.249942e+004	2.360683e+002
1.265373e+004	2.348938e+002
1.280804e+004	2.290215e+002
1.296236e+004	2.266725e+002
1.311667e+004	2.219746e+002
1.327098e+004	2.149278e+002
1.342530e+004	2.078810e+002
1.357961e+004	2.090555e+002
1.373393e+004	2.102299e+002
1.388824e+004	2.114044e+002
1.404255e+004	2.043576e+002
1.419687e+004	1.996597e+002
1.435118e+004	1.984853e+002
1.450549e+004	1.890895e+002
1.465981e+004	1.867406e+002
1.481412e+004	1.843916e+002
1.496844e+004	1.832172e+002
1.512275e+004	1.796938e+002
1.527706e+004	1.667746e+002
1.543138e+004	1.562044e+002
1.558569e+004	1.538554e+002
1.574000e+004	1.503320e+002
1.589432e+004	1.374129e+002
1.604863e+004	1.291916e+002
1.620295e+004	1.291916e+002
1.635726e+004	1.209703e+002
1.651157e+004	1.092256e+002
1.666589e+004	1.010043e+002
1.682020e+004	1.010043e+002
1.697451e+004	9.043411e+001
1.712883e+004	8.573624e+001
1.728314e+004	7.516602e+001
1.743746e+004	7.281708e+001
1.759177e+004	6.929367e+001
1.774608e+004	6.342133e+001
1.790040e+004	5.989792e+001
1.805471e+004	5.637451e+001
1.820902e+004	5.989792e+001
1.836334e+004	6.107239e+001
1.851765e+004	6.342133e+001
1.867197e+004	6.107239e+001
1.882628e+004	5.989792e+001
1.898059e+004	6.459579e+001
1.913491e+004	7.164261e+001
1.928922e+004	7.164261e+001
1.944353e+004	9.748093e+001
1.959785e+004	1.350639e+002
1.975216e+004	1.374129e+002
1.990648e+004	1.397618e+002
2.006079e+004	1.104001e+002
2.021510e+004	1.244937e+002
2.036942e+004	2.043576e+002
2.052373e+004	2.266725e+002
2.067804e+004	2.912683e+002
2.083236e+004	3.065364e+002
2.098667e+004	3.041875e+002
2.114099e+004	3.159322e+002
2.129530e+004	3.018385e+002
2.144961e+004	2.806981e+002
2.160393e+004	2.713023e+002
2.175824e+004	2.736513e+002
2.191255e+004	2.630811e+002
2.206687e+004	2.525108e+002
2.222118e+004	2.454640e+002
2.237550e+004	2.442896e+002
2.252981e+004	2.360683e+002
2.268412e+004	2.243236e+002
2.283844e+004	2.196257e+002
2.299275e+004	2.196257e+002
2.314706e+004	2.149278e+002
2.330138e+004	2.078810e+002
2.345569e+004	2.031831e+002
2.361001e+004	1.996597e+002
2.376432e+004	1.926129e+002
2.391863e+004	1.796938e+002
2.407295e+004	1.749959e+002
2.422726e+004	1.738214e+002
2.438158e+004	1.691235e+002
2.453589e+004	1.644257e+002
2.469020e+004	1.632512e+002
2.484452e+004	1.656001e+002
2.499883e+004	1.585533e+002
2.515314e+004	1.620767e+002
2.530746e+004	1.609023e+002
2.546177e+004	1.562044e+002
2.561609e+004	1.479831e+002
2.577040e+004	1.409363e+002
2.592471e+004	1.362384e+002
2.607903e+004	1.291916e+002
2.623334e+004	1.221448e+002
2.638765e+004	1.150980e+002
2.654197e+004	1.092256e+002
2.669628e+004	1.010043e+002
2.685060e+004	8.925964e+001
2.700491e+004	8.338730e+001
2.715922e+004	8.221283e+001
2.731354e+004	7.868942e+001
2.746785e+004	7.046814e+001
2.762216e+004	6.577026e+001
2.777648e+004	6.694473e+001
2.793079e+004	6.224686e+001
2.808511e+004	6.224686e+001
2.823942e+004	5.637451e+001
2.839373e+004	5.167664e+001
2.854805e+004	4.697876e+001
2.870236e+004	4.580429e+001
2.885667e+004	5.285110e+001
2.901099e+004	5.637451e+001
2.916530e+004	6.107239e+001
2.931962e+004	7.281708e+001
2.947393e+004	7.751495e+001
2.962824e+004	8.808517e+001
2.978256e+004	9.513199e+001
2.993687e+004	9.513199e+001
3.009118e+004	1.010043e+002
3.024550e+004	1.033533e+002
3.039981e+004	1.174469e+002
3.055413e+004	1.432852e+002
3.070844e+004	1.538554e+002
3.086275e+004	1.280171e+002
3.101707e+004	1.479831e+002
3.117138e+004	1.832172e+002
3.132569e+004	2.325449e+002
3.148001e+004	2.525108e+002
3.163432e+004	3.006641e+002
3.178864e+004	2.971407e+002
3.194295e+004	2.983151e+002
3.209726e+004	2.959662e+002
3.225158e+004	2.936172e+002
3.240589e+004	2.877449e+002
3.256020e+004	2.795236e+002
3.271452e+004	2.795236e+002
3.286883e+004	2.666045e+002
3.302315e+004	2.572087e+002
3.317746e+004	2.513364e+002
3.333177e+004	2.501619e+002
3.348609e+004	2.384172e+002
3.364040e+004	2.301959e+002
3.379471e+004	2.219746e+002
3.394903e+004	2.208002e+002
3.410334e+004	2.149278e+002
3.425766e+004	2.055321e+002
3.441197e+004	2.008342e+002
3.456628e+004	2.031831e+002
3.472060e+004	1.973108e+002
3.487491e+004	1.926129e+002
3.502922e+004	1.855661e+002
3.518354e+004	1.867406e+002
3.533785e+004	1.808682e+002
3.549217e+004	1.785193e+002
3.564648e+004	1.656001e+002
3.580079e+004	1.656001e+002
3.595511e+004	1.573788e+002
3.610942e+004	1.456342e+002
3.626374e+004	1.374129e+002
3.641805e+004	1.385873e+002
3.657236e+004	1.280171e+002
3.672668e+004	1.197958e+002
3.688099e+004	1.033533e+002
3.703530e+004	1.033533e+002
3.718962e+004	9.395752e+001
3.734393e+004	8.103836e+001
3.749825e+004	7.046814e+001
3.765256e+004	6.929367e+001
3.780687e+004	6.694473e+001
3.796119e+004	6.107239e+001
3.811550e+004	5.402557e+001
3.826981e+004	5.285110e+001
3.842413e+004	4.462982e+001
3.857844e+004	3.640854e+001
3.873276e+004	3.288513e+001
3.888707e+004	3.405960e+001
3.904138e+004	3.758301e+001
3.919570e+004	4.932770e+001
3.935001e+004	6.577026e+001
3.950432e+004	6.224686e+001
3.965864e+004	8.221283e+001
3.981295e+004	9.395752e+001
3.996727e+004	9.278305e+001
4.012158e+004	8.691071e+001
4.027589e+004	1.010043e+002
4.043021e+004	1.327150e+002
4.058452e+004	1.515065e+002
4.073883e+004	1.468086e+002
4.089315e+004	1.538554e+002
4.104746e+004	1.409363e+002
4.120178e+004	1.397618e+002
4.135609e+004	1.409363e+002
4.151040e+004	1.855661e+002
4.166472e+004	2.830470e+002
4.181903e+004	3.405960e+002
4.197334e+004	3.335492e+002
4.212766e+004	3.582130e+002
4.228197e+004	3.640854e+002
4.243629e+004	3.676088e+002
4.259060e+004	3.511662e+002
4.274491e+004	3.429449e+002
4.289923e+004	3.265024e+002
4.305354e+004	3.159322e+002
4.320785e+004	3.077109e+002
4.336217e+004	2.900938e+002
4.351648e+004	2.806981e+002
4.367080e+004	2.748257e+002
4.382511e+004	2.724768e+002
4.397942e+004	2.583832e+002
4.413374e+004	2.513364e+002
4.428805e+004	2.372427e+002
4.444236e+004	2.395917e+002
4.459668e+004	2.313704e+002
4.475099e+004	2.290215e+002
4.490531e+004	2.313704e+002
4.505962e+004	2.301959e+002
4.521393e+004	2.231491e+002
4.536825e+004	2.172768e+002
4.552256e+004	2.161023e+002
4.567687e+004	2.114044e+002
4.583119e+004	2.090555e+002
4.598550e+004	2.043576e+002
4.613982e+004	1.996597e+002
4.629413e+004	1.961363e+002
4.644844e+004	1.832172e+002
4.660276e+004	1.726469e+002
4.675707e+004	1.726469e+002
4.691139e+004	1.726469e+002
4.706570e+004	1.667746e+002
4.722001e+004	1.644257e+002
4.737433e+004	1.573788e+002
4.752864e+004	1.538554e+002
4.768295e+004	1.491576e+002
4.783727e+004	1.397618e+002
4.799158e+004	1.350639e+002
4.814590e+004	1.327150e+002
4.830021e+004	1.197958e+002
4.845452e+004	1.092256e+002
4.860884e+004	9.982986e+001
4.876315e+004	9.865540e+001
4.891746e+004	8.808517e+001
4.907178e+004	7.516602e+001
4.922609e+004	6.459579e+001
4.938041e+004	6.224686e+001
4.953472e+004	5.520004e+001
4.968903e+004	5.050217e+001
4.984335e+004	4.345535e+001
4.999766e+004	4.110641e+001
5.015197e+004	3.758301e+001
5.030629e+004	4.932770e+001
